agent,contrainte,semaine,value,poids
1,4,1,0,150
1,4,2,0,150
1,4,3,0,150
1,4,4,0,150
1,4,5,0,150
1,4,6,0,150
1,4,7,0,150
1,4,8,0,150
1,4,9,0,150
1,4,10,0,150
1,4,11,0,150
1,4,12,0,150
1,5,1,0,150
1,5,2,0,150
1,5,3,0,150
1,5,4,0,150
1,5,5,0,150
1,5,6,0,150
1,5,7,0,150
1,5,8,0,150
1,5,9,0,150
1,5,10,0,150
1,5,11,0,150
1,5,12,0,150
1,6,1,0,150
1,6,2,0,150
1,6,3,0,150
1,6,4,0,150
1,6,5,0,150
1,6,6,0,150
1,6,7,0,150
1,6,8,0,150
1,6,9,0,150
1,6,10,0,150
1,6,11,0,150
1,6,12,0,150
1,7,1,0,150
1,7,2,0,150
1,7,3,0,150
1,7,4,0,150
1,7,5,0,150
1,7,6,0,150
1,7,7,0,150
1,7,8,0,150
1,7,9,0,150
1,7,10,0,150
1,7,11,0,150
1,7,12,0,150
1,8,1,0,150
1,8,2,0,150
1,8,3,0,150
1,8,4,0,150
1,8,5,0,150
1,8,6,0,150
1,8,7,0,150
1,8,8,0,150
1,8,9,0,150
1,8,10,0,150
1,8,11,0,150
1,8,12,0,150
1,9,1,0,150
1,9,2,0,150
1,9,3,0,150
1,9,4,0,150
1,9,5,0,150
1,9,6,0,150
1,9,7,0,150
1,9,8,0,150
1,9,9,0,150
1,9,10,0,150
1,9,11,0,150
1,9,12,0,150
1,16,1,0,170
1,16,2,0,170
1,16,3,0,170
1,16,4,0,170
1,16,5,0,170
1,16,6,0,170
1,16,7,0,170
1,16,8,0,170
1,16,9,0,170
1,16,10,0,170
1,16,11,0,170
1,16,12,0,170
1,17,1,0,170
1,17,2,0,170
1,17,3,0,170
1,17,4,0,170
1,17,5,0,170
1,17,6,0,170
1,17,7,0,170
1,17,8,0,170
1,17,9,0,170
1,17,10,0,170
1,17,11,0,170
1,17,12,0,170
1,22,1,0,20
1,22,2,0,20
1,22,3,0,20
1,22,4,0,20
1,22,5,0,20
1,22,6,0,20
1,22,7,0,20
1,22,8,0,20
1,22,9,0,20
1,22,10,0,20
1,22,11,0,20
1,22,12,0,20
1,23,1,0,20
1,23,2,0,20
1,23,3,0,20
1,23,4,0,20
1,23,5,0,20
1,23,6,0,20
1,23,7,0,20
1,23,8,0,20
1,23,9,0,20
1,23,10,0,20
1,23,11,0,20
1,23,12,0,20
1,24,1,0,20
1,24,2,0,20
1,24,3,0,20
1,24,4,0,20
1,24,5,0,20
1,24,6,0,20
1,24,7,0,20
1,24,8,0,20
1,24,9,0,20
1,24,10,0,20
1,24,11,0,20
1,24,12,0,20
1,25,1,0,20
1,25,2,0,20
1,25,3,0,20
1,25,4,0,20
1,25,5,0,20
1,25,6,0,20
1,25,7,0,20
1,25,8,0,20
1,25,9,0,20
1,25,10,0,20
1,25,11,0,20
1,25,12,0,20
1,26,1,0,20
1,26,2,0,20
1,26,3,0,20
1,26,4,0,20
1,26,5,0,20
1,26,6,0,20
1,26,7,0,20
1,26,8,0,20
1,26,9,0,20
1,26,10,0,20
1,26,11,0,20
1,26,12,0,20
1,27,1,0,20
1,27,2,0,20
1,27,3,0,20
1,27,4,0,20
1,27,5,0,20
1,27,6,0,20
1,27,7,0,20
1,27,8,0,20
1,27,9,0,20
1,27,10,0,20
1,27,11,0,20
1,27,12,0,20
1,28,1,0,20
1,28,2,0,20
1,28,3,0,20
1,28,4,0,20
1,28,5,0,20
1,28,6,0,20
1,28,7,0,20
1,28,8,0,20
1,28,9,0,20
1,28,10,0,20
1,28,11,0,20
1,28,12,0,20
1,29,1,0,20
1,29,2,0,20
1,29,3,0,20
1,29,4,0,20
1,29,5,0,20
1,29,6,0,20
1,29,7,0,20
1,29,8,0,20
1,29,9,0,20
1,29,10,0,20
1,29,11,0,20
1,29,12,0,20
1,30,1,0,20
1,30,2,0,20
1,30,3,0,20
1,30,4,0,20
1,30,5,0,20
1,30,6,0,20
1,30,7,0,20
1,30,8,0,20
1,30,9,0,20
1,30,10,0,20
1,30,11,0,20
1,30,12,0,20
1,31,1,0,20
1,31,2,0,20
1,31,3,0,20
1,31,4,0,20
1,31,5,0,20
1,31,6,0,20
1,31,7,0,20
1,31,8,0,20
1,31,9,0,20
1,31,10,0,20
1,31,11,0,20
1,31,12,0,20
1,32,1,0,20
1,32,2,0,20
1,32,3,0,20
1,32,4,0,20
1,32,5,0,20
1,32,6,0,20
1,32,7,0,20
1,32,8,0,20
1,32,9,0,20
1,32,10,0,20
1,32,11,0,20
1,32,12,0,20
1,33,1,0,20
1,33,2,0,20
1,33,3,0,20
1,33,4,0,20
1,33,5,0,20
1,33,6,0,20
1,33,7,0,20
1,33,8,0,20
1,33,9,0,20
1,33,10,0,20
1,33,11,0,20
1,33,12,0,20
1,34,1,0,20
1,34,2,0,20
1,34,3,0,20
1,34,4,0,20
1,34,5,0,20
1,34,6,0,20
1,34,7,0,20
1,34,8,0,20
1,34,9,0,20
1,34,10,0,20
1,34,11,0,20
1,34,12,0,20
1,35,1,0,20
1,35,2,0,20
1,35,3,0,20
1,35,4,0,20
1,35,5,0,20
1,35,6,0,20
1,35,7,0,20
1,35,8,0,20
1,35,9,0,20
1,35,10,0,20
1,35,11,0,20
1,35,12,0,20
1,36,1,0,20
1,36,2,0,20
1,36,3,0,20
1,36,4,0,20
1,36,5,0,20
1,36,6,0,20
1,36,7,0,20
1,36,8,0,20
1,36,9,0,20
1,36,10,0,20
1,36,11,0,20
1,36,12,0,20
1,37,1,0,20
1,37,2,0,20
1,37,3,0,20
1,37,4,0,20
1,37,5,0,20
1,37,6,0,20
1,37,7,0,20
1,37,8,0,20
1,37,9,0,20
1,37,10,0,20
1,37,11,0,20
1,37,12,0,20
1,38,1,0,20
1,38,2,0,20
1,38,3,0,20
1,38,4,0,20
1,38,5,0,20
1,38,6,0,20
1,38,7,0,20
1,38,8,0,20
1,38,9,0,20
1,38,10,0,20
1,38,11,0,20
1,38,12,0,20
1,39,1,0,20
1,39,2,0,20
1,39,3,0,20
1,39,4,0,20
1,39,5,0,20
1,39,6,0,20
1,39,7,0,20
1,39,8,0,20
1,39,9,0,20
1,39,10,0,20
1,39,11,0,20
1,39,12,0,20
2,4,1,0,150
2,4,2,0,150
2,4,3,0,150
2,4,4,0,150
2,4,5,0,150
2,4,6,0,150
2,4,7,0,150
2,4,8,0,150
2,4,9,0,150
2,4,10,0,150
2,4,11,0,150
2,4,12,0,150
2,5,1,0,150
2,5,2,0,150
2,5,3,0,150
2,5,4,0,150
2,5,5,0,150
2,5,6,0,150
2,5,7,0,150
2,5,8,0,150
2,5,9,0,150
2,5,10,0,150
2,5,11,0,150
2,5,12,0,150
2,6,1,0,150
2,6,2,0,150
2,6,3,0,150
2,6,4,0,150
2,6,5,0,150
2,6,6,0,150
2,6,7,0,150
2,6,8,0,150
2,6,9,0,150
2,6,10,0,150
2,6,11,0,150
2,6,12,0,150
2,7,1,0,150
2,7,2,0,150
2,7,3,0,150
2,7,4,0,150
2,7,5,0,150
2,7,6,0,150
2,7,7,0,150
2,7,8,0,150
2,7,9,0,150
2,7,10,0,150
2,7,11,0,150
2,7,12,0,150
2,8,1,0,150
2,8,2,0,150
2,8,3,0,150
2,8,4,0,150
2,8,5,0,150
2,8,6,0,150
2,8,7,0,150
2,8,8,0,150
2,8,9,0,150
2,8,10,0,150
2,8,11,0,150
2,8,12,0,150
2,9,1,0,150
2,9,2,0,150
2,9,3,0,150
2,9,4,0,150
2,9,5,0,150
2,9,6,0,150
2,9,7,0,150
2,9,8,0,150
2,9,9,0,150
2,9,10,0,150
2,9,11,0,150
2,9,12,0,150
2,16,1,0,170
2,16,2,0,170
2,16,3,0,170
2,16,4,0,170
2,16,5,0,170
2,16,6,0,170
2,16,7,0,170
2,16,8,0,170
2,16,9,0,170
2,16,10,0,170
2,16,11,0,170
2,16,12,0,170
2,17,1,0,170
2,17,2,0,170
2,17,3,0,170
2,17,4,0,170
2,17,5,0,170
2,17,6,0,170
2,17,7,0,170
2,17,8,0,170
2,17,9,0,170
2,17,10,0,170
2,17,11,0,170
2,17,12,0,170
2,22,1,0,20
2,22,2,0,20
2,22,3,0,20
2,22,4,0,20
2,22,5,0,20
2,22,6,0,20
2,22,7,0,20
2,22,8,0,20
2,22,9,0,20
2,22,10,0,20
2,22,11,0,20
2,22,12,0,20
2,23,1,0,20
2,23,2,0,20
2,23,3,0,20
2,23,4,0,20
2,23,5,0,20
2,23,6,0,20
2,23,7,0,20
2,23,8,0,20
2,23,9,0,20
2,23,10,0,20
2,23,11,0,20
2,23,12,0,20
2,24,1,0,20
2,24,2,0,20
2,24,3,0,20
2,24,4,0,20
2,24,5,0,20
2,24,6,0,20
2,24,7,0,20
2,24,8,0,20
2,24,9,0,20
2,24,10,0,20
2,24,11,0,20
2,24,12,0,20
2,25,1,0,20
2,25,2,0,20
2,25,3,0,20
2,25,4,0,20
2,25,5,0,20
2,25,6,0,20
2,25,7,0,20
2,25,8,0,20
2,25,9,0,20
2,25,10,0,20
2,25,11,0,20
2,25,12,0,20
2,26,1,0,20
2,26,2,0,20
2,26,3,0,20
2,26,4,0,20
2,26,5,0,20
2,26,6,0,20
2,26,7,0,20
2,26,8,0,20
2,26,9,0,20
2,26,10,0,20
2,26,11,0,20
2,26,12,0,20
2,27,1,0,20
2,27,2,0,20
2,27,3,0,20
2,27,4,0,20
2,27,5,0,20
2,27,6,0,20
2,27,7,0,20
2,27,8,0,20
2,27,9,0,20
2,27,10,0,20
2,27,11,0,20
2,27,12,0,20
2,28,1,0,20
2,28,2,0,20
2,28,3,0,20
2,28,4,0,20
2,28,5,0,20
2,28,6,0,20
2,28,7,0,20
2,28,8,0,20
2,28,9,0,20
2,28,10,0,20
2,28,11,0,20
2,28,12,0,20
2,29,1,0,20
2,29,2,0,20
2,29,3,0,20
2,29,4,0,20
2,29,5,0,20
2,29,6,0,20
2,29,7,0,20
2,29,8,0,20
2,29,9,0,20
2,29,10,0,20
2,29,11,0,20
2,29,12,0,20
2,30,1,0,20
2,30,2,0,20
2,30,3,0,20
2,30,4,0,20
2,30,5,0,20
2,30,6,0,20
2,30,7,0,20
2,30,8,0,20
2,30,9,0,20
2,30,10,0,20
2,30,11,0,20
2,30,12,0,20
2,31,1,0,20
2,31,2,0,20
2,31,3,0,20
2,31,4,0,20
2,31,5,0,20
2,31,6,0,20
2,31,7,0,20
2,31,8,0,20
2,31,9,0,20
2,31,10,0,20
2,31,11,0,20
2,31,12,0,20
2,32,1,0,20
2,32,2,0,20
2,32,3,0,20
2,32,4,0,20
2,32,5,0,20
2,32,6,0,20
2,32,7,0,20
2,32,8,0,20
2,32,9,0,20
2,32,10,0,20
2,32,11,0,20
2,32,12,0,20
2,33,1,0,20
2,33,2,0,20
2,33,3,0,20
2,33,4,0,20
2,33,5,0,20
2,33,6,0,20
2,33,7,0,20
2,33,8,0,20
2,33,9,0,20
2,33,10,0,20
2,33,11,0,20
2,33,12,0,20
2,34,1,0,20
2,34,2,0,20
2,34,3,0,20
2,34,4,0,20
2,34,5,0,20
2,34,6,0,20
2,34,7,0,20
2,34,8,0,20
2,34,9,0,20
2,34,10,0,20
2,34,11,0,20
2,34,12,0,20
2,35,1,0,20
2,35,2,0,20
2,35,3,0,20
2,35,4,0,20
2,35,5,0,20
2,35,6,0,20
2,35,7,0,20
2,35,8,0,20
2,35,9,0,20
2,35,10,0,20
2,35,11,0,20
2,35,12,0,20
2,36,1,0,20
2,36,2,0,20
2,36,3,0,20
2,36,4,0,20
2,36,5,0,20
2,36,6,0,20
2,36,7,0,20
2,36,8,0,20
2,36,9,0,20
2,36,10,0,20
2,36,11,0,20
2,36,12,0,20
2,37,1,0,20
2,37,2,0,20
2,37,3,0,20
2,37,4,0,20
2,37,5,0,20
2,37,6,0,20
2,37,7,0,20
2,37,8,0,20
2,37,9,0,20
2,37,10,0,20
2,37,11,0,20
2,37,12,0,20
2,38,1,0,20
2,38,2,0,20
2,38,3,0,20
2,38,4,0,20
2,38,5,0,20
2,38,6,0,20
2,38,7,0,20
2,38,8,0,20
2,38,9,0,20
2,38,10,0,20
2,38,11,0,20
2,38,12,0,20
2,39,1,0,20
2,39,2,0,20
2,39,3,0,20
2,39,4,0,20
2,39,5,0,20
2,39,6,0,20
2,39,7,0,20
2,39,8,0,20
2,39,9,0,20
2,39,10,0,20
2,39,11,0,20
2,39,12,0,20
3,4,1,0,150
3,4,2,0,150
3,4,3,0,150
3,4,4,0,150
3,4,5,0,150
3,4,6,0,150
3,4,7,0,150
3,4,8,0,150
3,4,9,0,150
3,4,10,0,150
3,4,11,0,150
3,4,12,0,150
3,5,1,0,150
3,5,2,0,150
3,5,3,0,150
3,5,4,0,150
3,5,5,0,150
3,5,6,0,150
3,5,7,0,150
3,5,8,0,150
3,5,9,0,150
3,5,10,0,150
3,5,11,0,150
3,5,12,0,150
3,6,1,0,150
3,6,2,0,150
3,6,3,0,150
3,6,4,0,150
3,6,5,0,150
3,6,6,0,150
3,6,7,0,150
3,6,8,0,150
3,6,9,0,150
3,6,10,0,150
3,6,11,0,150
3,6,12,0,150
3,7,1,0,150
3,7,2,0,150
3,7,3,0,150
3,7,4,0,150
3,7,5,0,150
3,7,6,0,150
3,7,7,0,150
3,7,8,0,150
3,7,9,0,150
3,7,10,0,150
3,7,11,0,150
3,7,12,0,150
3,8,1,0,150
3,8,2,0,150
3,8,3,0,150
3,8,4,0,150
3,8,5,0,150
3,8,6,0,150
3,8,7,0,150
3,8,8,0,150
3,8,9,0,150
3,8,10,0,150
3,8,11,0,150
3,8,12,0,150
3,9,1,0,150
3,9,2,0,150
3,9,3,0,150
3,9,4,0,150
3,9,5,0,150
3,9,6,0,150
3,9,7,0,150
3,9,8,0,150
3,9,9,0,150
3,9,10,0,150
3,9,11,0,150
3,9,12,0,150
3,16,1,0,170
3,16,2,0,170
3,16,3,0,170
3,16,4,0,170
3,16,5,0,170
3,16,6,0,170
3,16,7,0,170
3,16,8,0,170
3,16,9,0,170
3,16,10,0,170
3,16,11,0,170
3,16,12,0,170
3,17,1,0,170
3,17,2,0,170
3,17,3,0,170
3,17,4,0,170
3,17,5,0,170
3,17,6,0,170
3,17,7,0,170
3,17,8,0,170
3,17,9,0,170
3,17,10,0,170
3,17,11,0,170
3,17,12,0,170
3,22,1,0,20
3,22,2,0,20
3,22,3,0,20
3,22,4,0,20
3,22,5,0,20
3,22,6,0,20
3,22,7,0,20
3,22,8,0,20
3,22,9,0,20
3,22,10,0,20
3,22,11,0,20
3,22,12,0,20
3,23,1,0,20
3,23,2,0,20
3,23,3,0,20
3,23,4,0,20
3,23,5,0,20
3,23,6,0,20
3,23,7,0,20
3,23,8,0,20
3,23,9,0,20
3,23,10,0,20
3,23,11,0,20
3,23,12,0,20
3,24,1,0,20
3,24,2,0,20
3,24,3,0,20
3,24,4,0,20
3,24,5,0,20
3,24,6,0,20
3,24,7,0,20
3,24,8,0,20
3,24,9,0,20
3,24,10,0,20
3,24,11,0,20
3,24,12,0,20
3,25,1,0,20
3,25,2,0,20
3,25,3,0,20
3,25,4,0,20
3,25,5,0,20
3,25,6,0,20
3,25,7,0,20
3,25,8,0,20
3,25,9,0,20
3,25,10,0,20
3,25,11,0,20
3,25,12,0,20
3,26,1,0,20
3,26,2,0,20
3,26,3,0,20
3,26,4,0,20
3,26,5,0,20
3,26,6,0,20
3,26,7,0,20
3,26,8,0,20
3,26,9,0,20
3,26,10,0,20
3,26,11,0,20
3,26,12,0,20
3,27,1,0,20
3,27,2,0,20
3,27,3,0,20
3,27,4,0,20
3,27,5,0,20
3,27,6,0,20
3,27,7,0,20
3,27,8,0,20
3,27,9,0,20
3,27,10,0,20
3,27,11,0,20
3,27,12,0,20
3,28,1,0,20
3,28,2,0,20
3,28,3,0,20
3,28,4,0,20
3,28,5,0,20
3,28,6,0,20
3,28,7,0,20
3,28,8,0,20
3,28,9,0,20
3,28,10,0,20
3,28,11,0,20
3,28,12,0,20
3,29,1,0,20
3,29,2,0,20
3,29,3,0,20
3,29,4,0,20
3,29,5,0,20
3,29,6,0,20
3,29,7,0,20
3,29,8,0,20
3,29,9,1,20
3,29,10,0,20
3,29,11,0,20
3,29,12,0,20
3,30,1,0,20
3,30,2,0,20
3,30,3,0,20
3,30,4,0,20
3,30,5,0,20
3,30,6,0,20
3,30,7,0,20
3,30,8,0,20
3,30,9,0,20
3,30,10,0,20
3,30,11,0,20
3,30,12,0,20
3,31,1,0,20
3,31,2,0,20
3,31,3,0,20
3,31,4,0,20
3,31,5,0,20
3,31,6,0,20
3,31,7,0,20
3,31,8,0,20
3,31,9,0,20
3,31,10,0,20
3,31,11,0,20
3,31,12,0,20
3,32,1,0,20
3,32,2,0,20
3,32,3,0,20
3,32,4,0,20
3,32,5,0,20
3,32,6,0,20
3,32,7,0,20
3,32,8,0,20
3,32,9,0,20
3,32,10,0,20
3,32,11,0,20
3,32,12,0,20
3,33,1,0,20
3,33,2,0,20
3,33,3,0,20
3,33,4,0,20
3,33,5,0,20
3,33,6,0,20
3,33,7,0,20
3,33,8,0,20
3,33,9,0,20
3,33,10,0,20
3,33,11,0,20
3,33,12,0,20
3,34,1,0,20
3,34,2,0,20
3,34,3,0,20
3,34,4,0,20
3,34,5,0,20
3,34,6,0,20
3,34,7,0,20
3,34,8,0,20
3,34,9,0,20
3,34,10,0,20
3,34,11,0,20
3,34,12,0,20
3,35,1,0,20
3,35,2,0,20
3,35,3,0,20
3,35,4,0,20
3,35,5,0,20
3,35,6,0,20
3,35,7,0,20
3,35,8,0,20
3,35,9,0,20
3,35,10,0,20
3,35,11,0,20
3,35,12,0,20
3,36,1,0,20
3,36,2,0,20
3,36,3,0,20
3,36,4,0,20
3,36,5,0,20
3,36,6,0,20
3,36,7,0,20
3,36,8,0,20
3,36,9,0,20
3,36,10,0,20
3,36,11,0,20
3,36,12,0,20
3,37,1,0,20
3,37,2,0,20
3,37,3,0,20
3,37,4,0,20
3,37,5,0,20
3,37,6,0,20
3,37,7,0,20
3,37,8,0,20
3,37,9,0,20
3,37,10,0,20
3,37,11,0,20
3,37,12,0,20
3,38,1,0,20
3,38,2,0,20
3,38,3,0,20
3,38,4,0,20
3,38,5,0,20
3,38,6,0,20
3,38,7,0,20
3,38,8,0,20
3,38,9,0,20
3,38,10,0,20
3,38,11,0,20
3,38,12,0,20
3,39,1,0,20
3,39,2,0,20
3,39,3,0,20
3,39,4,0,20
3,39,5,0,20
3,39,6,0,20
3,39,7,0,20
3,39,8,0,20
3,39,9,0,20
3,39,10,0,20
3,39,11,0,20
3,39,12,0,20
4,4,1,0,150
4,4,2,0,150
4,4,3,0,150
4,4,4,0,150
4,4,5,0,150
4,4,6,0,150
4,4,7,0,150
4,4,8,0,150
4,4,9,0,150
4,4,10,0,150
4,4,11,0,150
4,4,12,0,150
4,5,1,0,150
4,5,2,0,150
4,5,3,0,150
4,5,4,0,150
4,5,5,0,150
4,5,6,0,150
4,5,7,0,150
4,5,8,0,150
4,5,9,0,150
4,5,10,0,150
4,5,11,0,150
4,5,12,0,150
4,6,1,0,150
4,6,2,0,150
4,6,3,0,150
4,6,4,0,150
4,6,5,0,150
4,6,6,0,150
4,6,7,0,150
4,6,8,0,150
4,6,9,0,150
4,6,10,0,150
4,6,11,0,150
4,6,12,0,150
4,7,1,0,150
4,7,2,0,150
4,7,3,0,150
4,7,4,0,150
4,7,5,0,150
4,7,6,0,150
4,7,7,0,150
4,7,8,0,150
4,7,9,0,150
4,7,10,0,150
4,7,11,0,150
4,7,12,0,150
4,8,1,0,150
4,8,2,0,150
4,8,3,0,150
4,8,4,0,150
4,8,5,0,150
4,8,6,0,150
4,8,7,0,150
4,8,8,0,150
4,8,9,0,150
4,8,10,0,150
4,8,11,0,150
4,8,12,0,150
4,9,1,0,150
4,9,2,0,150
4,9,3,0,150
4,9,4,0,150
4,9,5,0,150
4,9,6,0,150
4,9,7,0,150
4,9,8,0,150
4,9,9,0,150
4,9,10,0,150
4,9,11,0,150
4,9,12,0,150
4,16,1,0,170
4,16,2,0,170
4,16,3,0,170
4,16,4,0,170
4,16,5,0,170
4,16,6,0,170
4,16,7,0,170
4,16,8,0,170
4,16,9,0,170
4,16,10,0,170
4,16,11,0,170
4,16,12,0,170
4,17,1,0,170
4,17,2,0,170
4,17,3,0,170
4,17,4,0,170
4,17,5,0,170
4,17,6,0,170
4,17,7,0,170
4,17,8,0,170
4,17,9,0,170
4,17,10,0,170
4,17,11,0,170
4,17,12,0,170
4,22,1,0,20
4,22,2,0,20
4,22,3,0,20
4,22,4,0,20
4,22,5,0,20
4,22,6,0,20
4,22,7,0,20
4,22,8,0,20
4,22,9,0,20
4,22,10,0,20
4,22,11,0,20
4,22,12,0,20
4,23,1,0,20
4,23,2,0,20
4,23,3,0,20
4,23,4,0,20
4,23,5,0,20
4,23,6,0,20
4,23,7,0,20
4,23,8,0,20
4,23,9,0,20
4,23,10,0,20
4,23,11,0,20
4,23,12,0,20
4,24,1,0,20
4,24,2,0,20
4,24,3,0,20
4,24,4,0,20
4,24,5,0,20
4,24,6,0,20
4,24,7,0,20
4,24,8,0,20
4,24,9,0,20
4,24,10,0,20
4,24,11,0,20
4,24,12,0,20
4,25,1,0,20
4,25,2,0,20
4,25,3,0,20
4,25,4,0,20
4,25,5,0,20
4,25,6,0,20
4,25,7,0,20
4,25,8,0,20
4,25,9,0,20
4,25,10,0,20
4,25,11,0,20
4,25,12,0,20
4,26,1,0,20
4,26,2,0,20
4,26,3,0,20
4,26,4,0,20
4,26,5,0,20
4,26,6,0,20
4,26,7,0,20
4,26,8,0,20
4,26,9,0,20
4,26,10,0,20
4,26,11,0,20
4,26,12,0,20
4,27,1,0,20
4,27,2,0,20
4,27,3,0,20
4,27,4,0,20
4,27,5,0,20
4,27,6,0,20
4,27,7,0,20
4,27,8,0,20
4,27,9,0,20
4,27,10,0,20
4,27,11,0,20
4,27,12,0,20
4,28,1,0,20
4,28,2,0,20
4,28,3,0,20
4,28,4,0,20
4,28,5,0,20
4,28,6,0,20
4,28,7,0,20
4,28,8,0,20
4,28,9,0,20
4,28,10,0,20
4,28,11,0,20
4,28,12,0,20
4,29,1,0,20
4,29,2,0,20
4,29,3,0,20
4,29,4,0,20
4,29,5,0,20
4,29,6,0,20
4,29,7,0,20
4,29,8,0,20
4,29,9,0,20
4,29,10,0,20
4,29,11,0,20
4,29,12,0,20
4,30,1,0,20
4,30,2,0,20
4,30,3,0,20
4,30,4,0,20
4,30,5,0,20
4,30,6,0,20
4,30,7,0,20
4,30,8,0,20
4,30,9,0,20
4,30,10,0,20
4,30,11,0,20
4,30,12,0,20
4,31,1,0,20
4,31,2,0,20
4,31,3,0,20
4,31,4,0,20
4,31,5,0,20
4,31,6,0,20
4,31,7,0,20
4,31,8,0,20
4,31,9,0,20
4,31,10,0,20
4,31,11,0,20
4,31,12,0,20
4,32,1,0,20
4,32,2,0,20
4,32,3,0,20
4,32,4,0,20
4,32,5,0,20
4,32,6,0,20
4,32,7,0,20
4,32,8,0,20
4,32,9,0,20
4,32,10,0,20
4,32,11,0,20
4,32,12,0,20
4,33,1,0,20
4,33,2,0,20
4,33,3,0,20
4,33,4,0,20
4,33,5,0,20
4,33,6,0,20
4,33,7,0,20
4,33,8,0,20
4,33,9,0,20
4,33,10,0,20
4,33,11,0,20
4,33,12,0,20
4,34,1,0,20
4,34,2,0,20
4,34,3,0,20
4,34,4,0,20
4,34,5,0,20
4,34,6,0,20
4,34,7,0,20
4,34,8,0,20
4,34,9,0,20
4,34,10,0,20
4,34,11,0,20
4,34,12,0,20
4,35,1,0,20
4,35,2,0,20
4,35,3,0,20
4,35,4,0,20
4,35,5,0,20
4,35,6,0,20
4,35,7,0,20
4,35,8,0,20
4,35,9,0,20
4,35,10,0,20
4,35,11,0,20
4,35,12,0,20
4,36,1,0,20
4,36,2,0,20
4,36,3,0,20
4,36,4,0,20
4,36,5,0,20
4,36,6,0,20
4,36,7,0,20
4,36,8,0,20
4,36,9,0,20
4,36,10,0,20
4,36,11,0,20
4,36,12,0,20
4,37,1,0,20
4,37,2,0,20
4,37,3,0,20
4,37,4,0,20
4,37,5,0,20
4,37,6,0,20
4,37,7,0,20
4,37,8,0,20
4,37,9,0,20
4,37,10,0,20
4,37,11,0,20
4,37,12,0,20
4,38,1,0,20
4,38,2,0,20
4,38,3,0,20
4,38,4,0,20
4,38,5,0,20
4,38,6,0,20
4,38,7,0,20
4,38,8,0,20
4,38,9,0,20
4,38,10,0,20
4,38,11,0,20
4,38,12,0,20
4,39,1,0,20
4,39,2,0,20
4,39,3,0,20
4,39,4,0,20
4,39,5,0,20
4,39,6,0,20
4,39,7,0,20
4,39,8,0,20
4,39,9,0,20
4,39,10,0,20
4,39,11,0,20
4,39,12,0,20
5,4,1,0,150
5,4,2,0,150
5,4,3,0,150
5,4,4,0,150
5,4,5,0,150
5,4,6,0,150
5,4,7,0,150
5,4,8,0,150
5,4,9,0,150
5,4,10,0,150
5,4,11,0,150
5,4,12,0,150
5,5,1,0,150
5,5,2,0,150
5,5,3,0,150
5,5,4,0,150
5,5,5,0,150
5,5,6,0,150
5,5,7,0,150
5,5,8,0,150
5,5,9,0,150
5,5,10,0,150
5,5,11,0,150
5,5,12,0,150
5,6,1,0,150
5,6,2,0,150
5,6,3,0,150
5,6,4,0,150
5,6,5,0,150
5,6,6,0,150
5,6,7,0,150
5,6,8,0,150
5,6,9,0,150
5,6,10,0,150
5,6,11,0,150
5,6,12,0,150
5,7,1,0,150
5,7,2,0,150
5,7,3,0,150
5,7,4,0,150
5,7,5,0,150
5,7,6,0,150
5,7,7,0,150
5,7,8,0,150
5,7,9,0,150
5,7,10,0,150
5,7,11,0,150
5,7,12,0,150
5,8,1,0,150
5,8,2,0,150
5,8,3,0,150
5,8,4,0,150
5,8,5,0,150
5,8,6,0,150
5,8,7,0,150
5,8,8,0,150
5,8,9,0,150
5,8,10,0,150
5,8,11,0,150
5,8,12,0,150
5,9,1,0,150
5,9,2,0,150
5,9,3,0,150
5,9,4,0,150
5,9,5,0,150
5,9,6,0,150
5,9,7,0,150
5,9,8,0,150
5,9,9,0,150
5,9,10,0,150
5,9,11,0,150
5,9,12,0,150
5,16,1,0,170
5,16,2,0,170
5,16,3,0,170
5,16,4,0,170
5,16,5,0,170
5,16,6,0,170
5,16,7,0,170
5,16,8,0,170
5,16,9,0,170
5,16,10,0,170
5,16,11,0,170
5,16,12,0,170
5,17,1,0,170
5,17,2,0,170
5,17,3,0,170
5,17,4,0,170
5,17,5,0,170
5,17,6,0,170
5,17,7,0,170
5,17,8,0,170
5,17,9,0,170
5,17,10,0,170
5,17,11,0,170
5,17,12,0,170
5,22,1,0,20
5,22,2,0,20
5,22,3,0,20
5,22,4,0,20
5,22,5,0,20
5,22,6,0,20
5,22,7,0,20
5,22,8,0,20
5,22,9,0,20
5,22,10,0,20
5,22,11,0,20
5,22,12,0,20
5,23,1,0,20
5,23,2,0,20
5,23,3,0,20
5,23,4,0,20
5,23,5,0,20
5,23,6,0,20
5,23,7,0,20
5,23,8,0,20
5,23,9,0,20
5,23,10,0,20
5,23,11,0,20
5,23,12,0,20
5,24,1,0,20
5,24,2,0,20
5,24,3,0,20
5,24,4,0,20
5,24,5,0,20
5,24,6,0,20
5,24,7,0,20
5,24,8,0,20
5,24,9,0,20
5,24,10,0,20
5,24,11,0,20
5,24,12,0,20
5,25,1,0,20
5,25,2,0,20
5,25,3,0,20
5,25,4,0,20
5,25,5,0,20
5,25,6,0,20
5,25,7,0,20
5,25,8,0,20
5,25,9,0,20
5,25,10,0,20
5,25,11,0,20
5,25,12,0,20
5,26,1,0,20
5,26,2,0,20
5,26,3,0,20
5,26,4,0,20
5,26,5,0,20
5,26,6,0,20
5,26,7,0,20
5,26,8,0,20
5,26,9,0,20
5,26,10,0,20
5,26,11,0,20
5,26,12,0,20
5,27,1,0,20
5,27,2,0,20
5,27,3,0,20
5,27,4,0,20
5,27,5,0,20
5,27,6,0,20
5,27,7,0,20
5,27,8,0,20
5,27,9,0,20
5,27,10,0,20
5,27,11,0,20
5,27,12,0,20
5,28,1,0,20
5,28,2,0,20
5,28,3,0,20
5,28,4,0,20
5,28,5,0,20
5,28,6,0,20
5,28,7,0,20
5,28,8,0,20
5,28,9,0,20
5,28,10,0,20
5,28,11,0,20
5,28,12,0,20
5,29,1,0,20
5,29,2,0,20
5,29,3,0,20
5,29,4,0,20
5,29,5,0,20
5,29,6,0,20
5,29,7,0,20
5,29,8,0,20
5,29,9,0,20
5,29,10,0,20
5,29,11,0,20
5,29,12,0,20
5,30,1,0,20
5,30,2,0,20
5,30,3,0,20
5,30,4,0,20
5,30,5,0,20
5,30,6,0,20
5,30,7,0,20
5,30,8,0,20
5,30,9,0,20
5,30,10,0,20
5,30,11,0,20
5,30,12,0,20
5,31,1,0,20
5,31,2,0,20
5,31,3,0,20
5,31,4,0,20
5,31,5,0,20
5,31,6,0,20
5,31,7,0,20
5,31,8,0,20
5,31,9,0,20
5,31,10,0,20
5,31,11,0,20
5,31,12,0,20
5,32,1,0,20
5,32,2,0,20
5,32,3,0,20
5,32,4,0,20
5,32,5,0,20
5,32,6,0,20
5,32,7,0,20
5,32,8,0,20
5,32,9,0,20
5,32,10,0,20
5,32,11,0,20
5,32,12,0,20
5,33,1,0,20
5,33,2,0,20
5,33,3,0,20
5,33,4,0,20
5,33,5,0,20
5,33,6,0,20
5,33,7,0,20
5,33,8,0,20
5,33,9,0,20
5,33,10,0,20
5,33,11,0,20
5,33,12,0,20
5,34,1,0,20
5,34,2,0,20
5,34,3,0,20
5,34,4,0,20
5,34,5,0,20
5,34,6,0,20
5,34,7,0,20
5,34,8,0,20
5,34,9,0,20
5,34,10,0,20
5,34,11,0,20
5,34,12,0,20
5,35,1,0,20
5,35,2,0,20
5,35,3,0,20
5,35,4,0,20
5,35,5,0,20
5,35,6,0,20
5,35,7,0,20
5,35,8,0,20
5,35,9,0,20
5,35,10,0,20
5,35,11,0,20
5,35,12,0,20
5,36,1,0,20
5,36,2,0,20
5,36,3,0,20
5,36,4,0,20
5,36,5,0,20
5,36,6,0,20
5,36,7,0,20
5,36,8,0,20
5,36,9,0,20
5,36,10,0,20
5,36,11,0,20
5,36,12,0,20
5,37,1,0,20
5,37,2,0,20
5,37,3,0,20
5,37,4,0,20
5,37,5,0,20
5,37,6,0,20
5,37,7,0,20
5,37,8,0,20
5,37,9,0,20
5,37,10,0,20
5,37,11,0,20
5,37,12,0,20
5,38,1,0,20
5,38,2,0,20
5,38,3,0,20
5,38,4,0,20
5,38,5,0,20
5,38,6,0,20
5,38,7,0,20
5,38,8,0,20
5,38,9,0,20
5,38,10,0,20
5,38,11,0,20
5,38,12,0,20
5,39,1,0,20
5,39,2,0,20
5,39,3,0,20
5,39,4,0,20
5,39,5,0,20
5,39,6,0,20
5,39,7,0,20
5,39,8,0,20
5,39,9,0,20
5,39,10,0,20
5,39,11,0,20
5,39,12,0,20
6,4,1,0,150
6,4,2,0,150
6,4,3,0,150
6,4,4,0,150
6,4,5,0,150
6,4,6,0,150
6,4,7,0,150
6,4,8,0,150
6,4,9,0,150
6,4,10,0,150
6,4,11,0,150
6,4,12,0,150
6,5,1,0,150
6,5,2,0,150
6,5,3,0,150
6,5,4,0,150
6,5,5,0,150
6,5,6,0,150
6,5,7,0,150
6,5,8,0,150
6,5,9,0,150
6,5,10,0,150
6,5,11,0,150
6,5,12,0,150
6,6,1,0,150
6,6,2,0,150
6,6,3,0,150
6,6,4,0,150
6,6,5,0,150
6,6,6,0,150
6,6,7,0,150
6,6,8,0,150
6,6,9,0,150
6,6,10,0,150
6,6,11,0,150
6,6,12,0,150
6,7,1,0,150
6,7,2,0,150
6,7,3,0,150
6,7,4,0,150
6,7,5,0,150
6,7,6,0,150
6,7,7,0,150
6,7,8,0,150
6,7,9,0,150
6,7,10,0,150
6,7,11,0,150
6,7,12,0,150
6,8,1,0,150
6,8,2,0,150
6,8,3,0,150
6,8,4,0,150
6,8,5,0,150
6,8,6,0,150
6,8,7,0,150
6,8,8,0,150
6,8,9,0,150
6,8,10,0,150
6,8,11,0,150
6,8,12,0,150
6,9,1,0,150
6,9,2,0,150
6,9,3,0,150
6,9,4,0,150
6,9,5,0,150
6,9,6,0,150
6,9,7,0,150
6,9,8,0,150
6,9,9,0,150
6,9,10,0,150
6,9,11,0,150
6,9,12,0,150
6,16,1,0,170
6,16,2,0,170
6,16,3,0,170
6,16,4,0,170
6,16,5,0,170
6,16,6,0,170
6,16,7,0,170
6,16,8,0,170
6,16,9,0,170
6,16,10,0,170
6,16,11,0,170
6,16,12,0,170
6,17,1,0,170
6,17,2,0,170
6,17,3,0,170
6,17,4,0,170
6,17,5,0,170
6,17,6,0,170
6,17,7,0,170
6,17,8,0,170
6,17,9,0,170
6,17,10,0,170
6,17,11,0,170
6,17,12,0,170
6,22,1,0,20
6,22,2,0,20
6,22,3,0,20
6,22,4,0,20
6,22,5,0,20
6,22,6,0,20
6,22,7,0,20
6,22,8,0,20
6,22,9,0,20
6,22,10,0,20
6,22,11,0,20
6,22,12,0,20
6,23,1,0,20
6,23,2,0,20
6,23,3,0,20
6,23,4,0,20
6,23,5,0,20
6,23,6,0,20
6,23,7,0,20
6,23,8,0,20
6,23,9,0,20
6,23,10,0,20
6,23,11,0,20
6,23,12,0,20
6,24,1,0,20
6,24,2,0,20
6,24,3,0,20
6,24,4,0,20
6,24,5,0,20
6,24,6,0,20
6,24,7,0,20
6,24,8,0,20
6,24,9,0,20
6,24,10,0,20
6,24,11,0,20
6,24,12,0,20
6,25,1,0,20
6,25,2,0,20
6,25,3,0,20
6,25,4,0,20
6,25,5,0,20
6,25,6,0,20
6,25,7,0,20
6,25,8,0,20
6,25,9,0,20
6,25,10,0,20
6,25,11,0,20
6,25,12,0,20
6,26,1,0,20
6,26,2,0,20
6,26,3,0,20
6,26,4,0,20
6,26,5,0,20
6,26,6,0,20
6,26,7,0,20
6,26,8,0,20
6,26,9,0,20
6,26,10,0,20
6,26,11,0,20
6,26,12,0,20
6,27,1,0,20
6,27,2,0,20
6,27,3,0,20
6,27,4,0,20
6,27,5,0,20
6,27,6,0,20
6,27,7,0,20
6,27,8,0,20
6,27,9,0,20
6,27,10,0,20
6,27,11,0,20
6,27,12,0,20
6,28,1,0,20
6,28,2,0,20
6,28,3,0,20
6,28,4,0,20
6,28,5,0,20
6,28,6,0,20
6,28,7,0,20
6,28,8,0,20
6,28,9,0,20
6,28,10,0,20
6,28,11,0,20
6,28,12,0,20
6,29,1,0,20
6,29,2,0,20
6,29,3,0,20
6,29,4,0,20
6,29,5,0,20
6,29,6,0,20
6,29,7,0,20
6,29,8,0,20
6,29,9,0,20
6,29,10,0,20
6,29,11,0,20
6,29,12,0,20
6,30,1,0,20
6,30,2,0,20
6,30,3,0,20
6,30,4,0,20
6,30,5,0,20
6,30,6,0,20
6,30,7,0,20
6,30,8,0,20
6,30,9,0,20
6,30,10,0,20
6,30,11,0,20
6,30,12,0,20
6,31,1,0,20
6,31,2,0,20
6,31,3,0,20
6,31,4,0,20
6,31,5,0,20
6,31,6,0,20
6,31,7,0,20
6,31,8,0,20
6,31,9,0,20
6,31,10,0,20
6,31,11,0,20
6,31,12,0,20
6,32,1,0,20
6,32,2,0,20
6,32,3,0,20
6,32,4,0,20
6,32,5,0,20
6,32,6,0,20
6,32,7,0,20
6,32,8,0,20
6,32,9,0,20
6,32,10,0,20
6,32,11,0,20
6,32,12,0,20
6,33,1,0,20
6,33,2,0,20
6,33,3,0,20
6,33,4,0,20
6,33,5,0,20
6,33,6,0,20
6,33,7,0,20
6,33,8,0,20
6,33,9,0,20
6,33,10,0,20
6,33,11,0,20
6,33,12,0,20
6,34,1,0,20
6,34,2,0,20
6,34,3,0,20
6,34,4,0,20
6,34,5,0,20
6,34,6,0,20
6,34,7,0,20
6,34,8,0,20
6,34,9,0,20
6,34,10,0,20
6,34,11,0,20
6,34,12,0,20
6,35,1,0,20
6,35,2,0,20
6,35,3,0,20
6,35,4,0,20
6,35,5,0,20
6,35,6,0,20
6,35,7,0,20
6,35,8,0,20
6,35,9,0,20
6,35,10,0,20
6,35,11,0,20
6,35,12,0,20
6,36,1,0,20
6,36,2,0,20
6,36,3,0,20
6,36,4,1,20
6,36,5,0,20
6,36,6,0,20
6,36,7,0,20
6,36,8,0,20
6,36,9,0,20
6,36,10,0,20
6,36,11,0,20
6,36,12,0,20
6,37,1,0,20
6,37,2,0,20
6,37,3,0,20
6,37,4,0,20
6,37,5,0,20
6,37,6,0,20
6,37,7,0,20
6,37,8,0,20
6,37,9,0,20
6,37,10,0,20
6,37,11,0,20
6,37,12,0,20
6,38,1,0,20
6,38,2,0,20
6,38,3,0,20
6,38,4,0,20
6,38,5,0,20
6,38,6,0,20
6,38,7,0,20
6,38,8,0,20
6,38,9,0,20
6,38,10,0,20
6,38,11,0,20
6,38,12,0,20
6,39,1,0,20
6,39,2,0,20
6,39,3,0,20
6,39,4,0,20
6,39,5,0,20
6,39,6,0,20
6,39,7,0,20
6,39,8,0,20
6,39,9,0,20
6,39,10,0,20
6,39,11,0,20
6,39,12,0,20
7,4,1,0,150
7,4,2,0,150
7,4,3,0,150
7,4,4,0,150
7,4,5,0,150
7,4,6,0,150
7,4,7,0,150
7,4,8,0,150
7,4,9,0,150
7,4,10,0,150
7,4,11,0,150
7,4,12,0,150
7,5,1,0,150
7,5,2,0,150
7,5,3,0,150
7,5,4,0,150
7,5,5,0,150
7,5,6,0,150
7,5,7,0,150
7,5,8,0,150
7,5,9,0,150
7,5,10,0,150
7,5,11,0,150
7,5,12,0,150
7,6,1,0,150
7,6,2,0,150
7,6,3,0,150
7,6,4,0,150
7,6,5,0,150
7,6,6,0,150
7,6,7,0,150
7,6,8,0,150
7,6,9,0,150
7,6,10,0,150
7,6,11,0,150
7,6,12,0,150
7,7,1,0,150
7,7,2,0,150
7,7,3,0,150
7,7,4,0,150
7,7,5,0,150
7,7,6,0,150
7,7,7,0,150
7,7,8,0,150
7,7,9,0,150
7,7,10,0,150
7,7,11,0,150
7,7,12,0,150
7,8,1,0,150
7,8,2,0,150
7,8,3,0,150
7,8,4,0,150
7,8,5,0,150
7,8,6,0,150
7,8,7,0,150
7,8,8,0,150
7,8,9,0,150
7,8,10,0,150
7,8,11,0,150
7,8,12,0,150
7,9,1,0,150
7,9,2,0,150
7,9,3,0,150
7,9,4,0,150
7,9,5,0,150
7,9,6,0,150
7,9,7,0,150
7,9,8,0,150
7,9,9,0,150
7,9,10,0,150
7,9,11,0,150
7,9,12,0,150
7,16,1,0,170
7,16,2,0,170
7,16,3,0,170
7,16,4,0,170
7,16,5,0,170
7,16,6,0,170
7,16,7,0,170
7,16,8,0,170
7,16,9,0,170
7,16,10,0,170
7,16,11,0,170
7,16,12,0,170
7,17,1,0,170
7,17,2,0,170
7,17,3,0,170
7,17,4,0,170
7,17,5,0,170
7,17,6,0,170
7,17,7,0,170
7,17,8,0,170
7,17,9,0,170
7,17,10,0,170
7,17,11,0,170
7,17,12,0,170
7,22,1,0,20
7,22,2,0,20
7,22,3,0,20
7,22,4,0,20
7,22,5,0,20
7,22,6,0,20
7,22,7,0,20
7,22,8,0,20
7,22,9,0,20
7,22,10,0,20
7,22,11,0,20
7,22,12,0,20
7,23,1,0,20
7,23,2,0,20
7,23,3,0,20
7,23,4,0,20
7,23,5,0,20
7,23,6,0,20
7,23,7,0,20
7,23,8,0,20
7,23,9,0,20
7,23,10,0,20
7,23,11,0,20
7,23,12,0,20
7,24,1,0,20
7,24,2,0,20
7,24,3,0,20
7,24,4,0,20
7,24,5,0,20
7,24,6,0,20
7,24,7,0,20
7,24,8,0,20
7,24,9,0,20
7,24,10,0,20
7,24,11,0,20
7,24,12,0,20
7,25,1,0,20
7,25,2,0,20
7,25,3,0,20
7,25,4,0,20
7,25,5,0,20
7,25,6,0,20
7,25,7,0,20
7,25,8,0,20
7,25,9,0,20
7,25,10,0,20
7,25,11,0,20
7,25,12,0,20
7,26,1,0,20
7,26,2,0,20
7,26,3,0,20
7,26,4,0,20
7,26,5,0,20
7,26,6,0,20
7,26,7,0,20
7,26,8,0,20
7,26,9,0,20
7,26,10,0,20
7,26,11,0,20
7,26,12,0,20
7,27,1,0,20
7,27,2,0,20
7,27,3,0,20
7,27,4,0,20
7,27,5,0,20
7,27,6,0,20
7,27,7,0,20
7,27,8,0,20
7,27,9,0,20
7,27,10,0,20
7,27,11,0,20
7,27,12,0,20
7,28,1,0,20
7,28,2,0,20
7,28,3,0,20
7,28,4,0,20
7,28,5,0,20
7,28,6,0,20
7,28,7,0,20
7,28,8,0,20
7,28,9,0,20
7,28,10,0,20
7,28,11,0,20
7,28,12,0,20
7,29,1,0,20
7,29,2,0,20
7,29,3,0,20
7,29,4,0,20
7,29,5,0,20
7,29,6,0,20
7,29,7,0,20
7,29,8,0,20
7,29,9,0,20
7,29,10,0,20
7,29,11,0,20
7,29,12,0,20
7,30,1,0,20
7,30,2,0,20
7,30,3,0,20
7,30,4,0,20
7,30,5,0,20
7,30,6,0,20
7,30,7,0,20
7,30,8,0,20
7,30,9,0,20
7,30,10,0,20
7,30,11,0,20
7,30,12,0,20
7,31,1,0,20
7,31,2,0,20
7,31,3,0,20
7,31,4,0,20
7,31,5,0,20
7,31,6,0,20
7,31,7,0,20
7,31,8,0,20
7,31,9,0,20
7,31,10,0,20
7,31,11,0,20
7,31,12,0,20
7,32,1,0,20
7,32,2,0,20
7,32,3,0,20
7,32,4,0,20
7,32,5,0,20
7,32,6,0,20
7,32,7,0,20
7,32,8,0,20
7,32,9,0,20
7,32,10,0,20
7,32,11,0,20
7,32,12,0,20
7,33,1,0,20
7,33,2,0,20
7,33,3,0,20
7,33,4,0,20
7,33,5,0,20
7,33,6,0,20
7,33,7,0,20
7,33,8,0,20
7,33,9,0,20
7,33,10,0,20
7,33,11,0,20
7,33,12,0,20
7,34,1,0,20
7,34,2,0,20
7,34,3,0,20
7,34,4,0,20
7,34,5,0,20
7,34,6,0,20
7,34,7,0,20
7,34,8,0,20
7,34,9,0,20
7,34,10,0,20
7,34,11,0,20
7,34,12,0,20
7,35,1,0,20
7,35,2,0,20
7,35,3,0,20
7,35,4,0,20
7,35,5,0,20
7,35,6,0,20
7,35,7,0,20
7,35,8,0,20
7,35,9,0,20
7,35,10,0,20
7,35,11,0,20
7,35,12,0,20
7,36,1,0,20
7,36,2,0,20
7,36,3,0,20
7,36,4,0,20
7,36,5,0,20
7,36,6,0,20
7,36,7,0,20
7,36,8,0,20
7,36,9,0,20
7,36,10,0,20
7,36,11,0,20
7,36,12,0,20
7,37,1,0,20
7,37,2,0,20
7,37,3,0,20
7,37,4,0,20
7,37,5,0,20
7,37,6,0,20
7,37,7,0,20
7,37,8,0,20
7,37,9,0,20
7,37,10,0,20
7,37,11,0,20
7,37,12,0,20
7,38,1,0,20
7,38,2,0,20
7,38,3,0,20
7,38,4,0,20
7,38,5,0,20
7,38,6,0,20
7,38,7,0,20
7,38,8,0,20
7,38,9,0,20
7,38,10,0,20
7,38,11,0,20
7,38,12,0,20
7,39,1,0,20
7,39,2,0,20
7,39,3,0,20
7,39,4,0,20
7,39,5,0,20
7,39,6,0,20
7,39,7,0,20
7,39,8,0,20
7,39,9,0,20
7,39,10,0,20
7,39,11,0,20
7,39,12,0,20
8,4,1,0,150
8,4,2,0,150
8,4,3,0,150
8,4,4,0,150
8,4,5,0,150
8,4,6,0,150
8,4,7,0,150
8,4,8,0,150
8,4,9,0,150
8,4,10,0,150
8,4,11,0,150
8,4,12,0,150
8,5,1,0,150
8,5,2,0,150
8,5,3,0,150
8,5,4,0,150
8,5,5,0,150
8,5,6,0,150
8,5,7,0,150
8,5,8,0,150
8,5,9,0,150
8,5,10,0,150
8,5,11,0,150
8,5,12,0,150
8,6,1,0,150
8,6,2,0,150
8,6,3,0,150
8,6,4,0,150
8,6,5,0,150
8,6,6,0,150
8,6,7,0,150
8,6,8,0,150
8,6,9,0,150
8,6,10,0,150
8,6,11,0,150
8,6,12,0,150
8,7,1,0,150
8,7,2,0,150
8,7,3,0,150
8,7,4,0,150
8,7,5,0,150
8,7,6,0,150
8,7,7,0,150
8,7,8,0,150
8,7,9,0,150
8,7,10,0,150
8,7,11,0,150
8,7,12,0,150
8,8,1,0,150
8,8,2,0,150
8,8,3,0,150
8,8,4,0,150
8,8,5,0,150
8,8,6,0,150
8,8,7,0,150
8,8,8,0,150
8,8,9,0,150
8,8,10,0,150
8,8,11,0,150
8,8,12,0,150
8,9,1,0,150
8,9,2,0,150
8,9,3,0,150
8,9,4,0,150
8,9,5,0,150
8,9,6,0,150
8,9,7,0,150
8,9,8,0,150
8,9,9,0,150
8,9,10,0,150
8,9,11,0,150
8,9,12,0,150
8,16,1,0,170
8,16,2,0,170
8,16,3,0,170
8,16,4,0,170
8,16,5,0,170
8,16,6,0,170
8,16,7,0,170
8,16,8,0,170
8,16,9,0,170
8,16,10,0,170
8,16,11,0,170
8,16,12,0,170
8,17,1,0,170
8,17,2,0,170
8,17,3,0,170
8,17,4,0,170
8,17,5,0,170
8,17,6,0,170
8,17,7,0,170
8,17,8,0,170
8,17,9,0,170
8,17,10,0,170
8,17,11,0,170
8,17,12,0,170
8,22,1,0,20
8,22,2,0,20
8,22,3,0,20
8,22,4,0,20
8,22,5,0,20
8,22,6,0,20
8,22,7,0,20
8,22,8,0,20
8,22,9,0,20
8,22,10,0,20
8,22,11,0,20
8,22,12,0,20
8,23,1,0,20
8,23,2,0,20
8,23,3,0,20
8,23,4,0,20
8,23,5,0,20
8,23,6,0,20
8,23,7,0,20
8,23,8,0,20
8,23,9,0,20
8,23,10,0,20
8,23,11,0,20
8,23,12,0,20
8,24,1,0,20
8,24,2,0,20
8,24,3,0,20
8,24,4,0,20
8,24,5,0,20
8,24,6,0,20
8,24,7,0,20
8,24,8,0,20
8,24,9,0,20
8,24,10,0,20
8,24,11,0,20
8,24,12,0,20
8,25,1,0,20
8,25,2,0,20
8,25,3,0,20
8,25,4,0,20
8,25,5,0,20
8,25,6,0,20
8,25,7,0,20
8,25,8,0,20
8,25,9,0,20
8,25,10,0,20
8,25,11,0,20
8,25,12,0,20
8,26,1,0,20
8,26,2,0,20
8,26,3,0,20
8,26,4,0,20
8,26,5,0,20
8,26,6,0,20
8,26,7,0,20
8,26,8,0,20
8,26,9,0,20
8,26,10,0,20
8,26,11,0,20
8,26,12,0,20
8,27,1,0,20
8,27,2,0,20
8,27,3,0,20
8,27,4,0,20
8,27,5,0,20
8,27,6,0,20
8,27,7,0,20
8,27,8,0,20
8,27,9,0,20
8,27,10,0,20
8,27,11,0,20
8,27,12,0,20
8,28,1,0,20
8,28,2,0,20
8,28,3,0,20
8,28,4,0,20
8,28,5,0,20
8,28,6,0,20
8,28,7,0,20
8,28,8,0,20
8,28,9,0,20
8,28,10,0,20
8,28,11,0,20
8,28,12,0,20
8,29,1,0,20
8,29,2,0,20
8,29,3,0,20
8,29,4,0,20
8,29,5,0,20
8,29,6,0,20
8,29,7,0,20
8,29,8,0,20
8,29,9,0,20
8,29,10,0,20
8,29,11,0,20
8,29,12,0,20
8,30,1,0,20
8,30,2,0,20
8,30,3,0,20
8,30,4,0,20
8,30,5,0,20
8,30,6,0,20
8,30,7,0,20
8,30,8,0,20
8,30,9,0,20
8,30,10,0,20
8,30,11,0,20
8,30,12,0,20
8,31,1,0,20
8,31,2,0,20
8,31,3,0,20
8,31,4,0,20
8,31,5,0,20
8,31,6,0,20
8,31,7,0,20
8,31,8,0,20
8,31,9,0,20
8,31,10,0,20
8,31,11,0,20
8,31,12,0,20
8,32,1,0,20
8,32,2,0,20
8,32,3,0,20
8,32,4,0,20
8,32,5,0,20
8,32,6,0,20
8,32,7,0,20
8,32,8,0,20
8,32,9,0,20
8,32,10,0,20
8,32,11,0,20
8,32,12,0,20
8,33,1,0,20
8,33,2,0,20
8,33,3,0,20
8,33,4,0,20
8,33,5,0,20
8,33,6,0,20
8,33,7,0,20
8,33,8,0,20
8,33,9,0,20
8,33,10,0,20
8,33,11,0,20
8,33,12,0,20
8,34,1,0,20
8,34,2,0,20
8,34,3,0,20
8,34,4,0,20
8,34,5,0,20
8,34,6,0,20
8,34,7,0,20
8,34,8,0,20
8,34,9,0,20
8,34,10,0,20
8,34,11,0,20
8,34,12,0,20
8,35,1,0,20
8,35,2,0,20
8,35,3,0,20
8,35,4,0,20
8,35,5,0,20
8,35,6,0,20
8,35,7,0,20
8,35,8,0,20
8,35,9,0,20
8,35,10,0,20
8,35,11,0,20
8,35,12,0,20
8,36,1,0,20
8,36,2,0,20
8,36,3,0,20
8,36,4,0,20
8,36,5,0,20
8,36,6,0,20
8,36,7,0,20
8,36,8,0,20
8,36,9,0,20
8,36,10,0,20
8,36,11,0,20
8,36,12,0,20
8,37,1,0,20
8,37,2,0,20
8,37,3,0,20
8,37,4,0,20
8,37,5,0,20
8,37,6,0,20
8,37,7,0,20
8,37,8,0,20
8,37,9,0,20
8,37,10,0,20
8,37,11,0,20
8,37,12,0,20
8,38,1,0,20
8,38,2,0,20
8,38,3,0,20
8,38,4,0,20
8,38,5,0,20
8,38,6,0,20
8,38,7,0,20
8,38,8,0,20
8,38,9,0,20
8,38,10,0,20
8,38,11,0,20
8,38,12,0,20
8,39,1,0,20
8,39,2,0,20
8,39,3,0,20
8,39,4,0,20
8,39,5,0,20
8,39,6,0,20
8,39,7,0,20
8,39,8,0,20
8,39,9,0,20
8,39,10,0,20
8,39,11,0,20
8,39,12,0,20
9,4,1,0,150
9,4,2,0,150
9,4,3,0,150
9,4,4,0,150
9,4,5,0,150
9,4,6,0,150
9,4,7,0,150
9,4,8,0,150
9,4,9,0,150
9,4,10,0,150
9,4,11,0,150
9,4,12,0,150
9,5,1,0,150
9,5,2,0,150
9,5,3,0,150
9,5,4,0,150
9,5,5,0,150
9,5,6,0,150
9,5,7,0,150
9,5,8,0,150
9,5,9,0,150
9,5,10,0,150
9,5,11,0,150
9,5,12,0,150
9,6,1,0,150
9,6,2,0,150
9,6,3,0,150
9,6,4,0,150
9,6,5,0,150
9,6,6,0,150
9,6,7,0,150
9,6,8,0,150
9,6,9,0,150
9,6,10,0,150
9,6,11,0,150
9,6,12,0,150
9,7,1,0,150
9,7,2,0,150
9,7,3,0,150
9,7,4,0,150
9,7,5,0,150
9,7,6,0,150
9,7,7,0,150
9,7,8,0,150
9,7,9,0,150
9,7,10,0,150
9,7,11,0,150
9,7,12,0,150
9,8,1,0,150
9,8,2,0,150
9,8,3,0,150
9,8,4,0,150
9,8,5,0,150
9,8,6,0,150
9,8,7,0,150
9,8,8,0,150
9,8,9,0,150
9,8,10,0,150
9,8,11,0,150
9,8,12,0,150
9,9,1,0,150
9,9,2,0,150
9,9,3,0,150
9,9,4,0,150
9,9,5,0,150
9,9,6,0,150
9,9,7,0,150
9,9,8,0,150
9,9,9,0,150
9,9,10,0,150
9,9,11,0,150
9,9,12,0,150
9,16,1,0,170
9,16,2,0,170
9,16,3,0,170
9,16,4,0,170
9,16,5,0,170
9,16,6,0,170
9,16,7,0,170
9,16,8,0,170
9,16,9,0,170
9,16,10,0,170
9,16,11,0,170
9,16,12,0,170
9,17,1,0,170
9,17,2,0,170
9,17,3,0,170
9,17,4,0,170
9,17,5,0,170
9,17,6,0,170
9,17,7,0,170
9,17,8,0,170
9,17,9,0,170
9,17,10,0,170
9,17,11,0,170
9,17,12,0,170
9,22,1,0,20
9,22,2,0,20
9,22,3,0,20
9,22,4,0,20
9,22,5,0,20
9,22,6,0,20
9,22,7,0,20
9,22,8,0,20
9,22,9,0,20
9,22,10,0,20
9,22,11,0,20
9,22,12,0,20
9,23,1,0,20
9,23,2,0,20
9,23,3,0,20
9,23,4,0,20
9,23,5,0,20
9,23,6,0,20
9,23,7,0,20
9,23,8,0,20
9,23,9,0,20
9,23,10,0,20
9,23,11,0,20
9,23,12,0,20
9,24,1,0,20
9,24,2,0,20
9,24,3,0,20
9,24,4,0,20
9,24,5,0,20
9,24,6,0,20
9,24,7,0,20
9,24,8,0,20
9,24,9,0,20
9,24,10,0,20
9,24,11,0,20
9,24,12,0,20
9,25,1,0,20
9,25,2,0,20
9,25,3,0,20
9,25,4,0,20
9,25,5,0,20
9,25,6,0,20
9,25,7,0,20
9,25,8,0,20
9,25,9,0,20
9,25,10,0,20
9,25,11,0,20
9,25,12,0,20
9,26,1,0,20
9,26,2,0,20
9,26,3,0,20
9,26,4,0,20
9,26,5,0,20
9,26,6,0,20
9,26,7,0,20
9,26,8,0,20
9,26,9,0,20
9,26,10,0,20
9,26,11,0,20
9,26,12,0,20
9,27,1,0,20
9,27,2,0,20
9,27,3,0,20
9,27,4,0,20
9,27,5,0,20
9,27,6,0,20
9,27,7,0,20
9,27,8,0,20
9,27,9,0,20
9,27,10,0,20
9,27,11,0,20
9,27,12,0,20
9,28,1,0,20
9,28,2,0,20
9,28,3,0,20
9,28,4,0,20
9,28,5,0,20
9,28,6,0,20
9,28,7,0,20
9,28,8,0,20
9,28,9,0,20
9,28,10,0,20
9,28,11,0,20
9,28,12,0,20
9,29,1,0,20
9,29,2,0,20
9,29,3,0,20
9,29,4,0,20
9,29,5,0,20
9,29,6,0,20
9,29,7,0,20
9,29,8,0,20
9,29,9,0,20
9,29,10,0,20
9,29,11,0,20
9,29,12,0,20
9,30,1,0,20
9,30,2,0,20
9,30,3,0,20
9,30,4,0,20
9,30,5,0,20
9,30,6,0,20
9,30,7,0,20
9,30,8,0,20
9,30,9,0,20
9,30,10,0,20
9,30,11,0,20
9,30,12,0,20
9,31,1,0,20
9,31,2,0,20
9,31,3,0,20
9,31,4,0,20
9,31,5,0,20
9,31,6,0,20
9,31,7,0,20
9,31,8,0,20
9,31,9,0,20
9,31,10,0,20
9,31,11,0,20
9,31,12,0,20
9,32,1,0,20
9,32,2,0,20
9,32,3,0,20
9,32,4,0,20
9,32,5,0,20
9,32,6,0,20
9,32,7,0,20
9,32,8,0,20
9,32,9,0,20
9,32,10,0,20
9,32,11,0,20
9,32,12,0,20
9,33,1,0,20
9,33,2,0,20
9,33,3,0,20
9,33,4,0,20
9,33,5,0,20
9,33,6,0,20
9,33,7,0,20
9,33,8,0,20
9,33,9,0,20
9,33,10,0,20
9,33,11,0,20
9,33,12,0,20
9,34,1,0,20
9,34,2,0,20
9,34,3,0,20
9,34,4,0,20
9,34,5,0,20
9,34,6,0,20
9,34,7,0,20
9,34,8,0,20
9,34,9,0,20
9,34,10,0,20
9,34,11,0,20
9,34,12,0,20
9,35,1,0,20
9,35,2,0,20
9,35,3,0,20
9,35,4,0,20
9,35,5,0,20
9,35,6,0,20
9,35,7,0,20
9,35,8,0,20
9,35,9,0,20
9,35,10,0,20
9,35,11,0,20
9,35,12,0,20
9,36,1,0,20
9,36,2,0,20
9,36,3,0,20
9,36,4,0,20
9,36,5,0,20
9,36,6,0,20
9,36,7,0,20
9,36,8,0,20
9,36,9,0,20
9,36,10,0,20
9,36,11,0,20
9,36,12,0,20
9,37,1,0,20
9,37,2,0,20
9,37,3,0,20
9,37,4,0,20
9,37,5,0,20
9,37,6,0,20
9,37,7,0,20
9,37,8,0,20
9,37,9,0,20
9,37,10,0,20
9,37,11,0,20
9,37,12,0,20
9,38,1,0,20
9,38,2,0,20
9,38,3,0,20
9,38,4,0,20
9,38,5,0,20
9,38,6,0,20
9,38,7,0,20
9,38,8,0,20
9,38,9,0,20
9,38,10,0,20
9,38,11,0,20
9,38,12,0,20
9,39,1,0,20
9,39,2,0,20
9,39,3,0,20
9,39,4,0,20
9,39,5,0,20
9,39,6,0,20
9,39,7,0,20
9,39,8,0,20
9,39,9,0,20
9,39,10,0,20
9,39,11,0,20
9,39,12,0,20
10,4,1,0,150
10,4,2,0,150
10,4,3,0,150
10,4,4,0,150
10,4,5,0,150
10,4,6,0,150
10,4,7,0,150
10,4,8,0,150
10,4,9,0,150
10,4,10,0,150
10,4,11,0,150
10,4,12,0,150
10,5,1,0,150
10,5,2,0,150
10,5,3,0,150
10,5,4,0,150
10,5,5,0,150
10,5,6,0,150
10,5,7,0,150
10,5,8,0,150
10,5,9,0,150
10,5,10,0,150
10,5,11,0,150
10,5,12,0,150
10,6,1,0,150
10,6,2,0,150
10,6,3,0,150
10,6,4,0,150
10,6,5,0,150
10,6,6,0,150
10,6,7,0,150
10,6,8,0,150
10,6,9,0,150
10,6,10,0,150
10,6,11,0,150
10,6,12,0,150
10,7,1,0,150
10,7,2,0,150
10,7,3,0,150
10,7,4,0,150
10,7,5,0,150
10,7,6,0,150
10,7,7,0,150
10,7,8,0,150
10,7,9,0,150
10,7,10,0,150
10,7,11,0,150
10,7,12,0,150
10,8,1,0,150
10,8,2,0,150
10,8,3,0,150
10,8,4,0,150
10,8,5,0,150
10,8,6,0,150
10,8,7,0,150
10,8,8,0,150
10,8,9,0,150
10,8,10,0,150
10,8,11,0,150
10,8,12,0,150
10,9,1,0,150
10,9,2,0,150
10,9,3,0,150
10,9,4,0,150
10,9,5,0,150
10,9,6,0,150
10,9,7,0,150
10,9,8,0,150
10,9,9,0,150
10,9,10,0,150
10,9,11,0,150
10,9,12,0,150
10,16,1,0,170
10,16,2,0,170
10,16,3,0,170
10,16,4,0,170
10,16,5,0,170
10,16,6,0,170
10,16,7,0,170
10,16,8,0,170
10,16,9,0,170
10,16,10,0,170
10,16,11,0,170
10,16,12,0,170
10,17,1,0,170
10,17,2,0,170
10,17,3,0,170
10,17,4,0,170
10,17,5,0,170
10,17,6,0,170
10,17,7,0,170
10,17,8,0,170
10,17,9,0,170
10,17,10,0,170
10,17,11,0,170
10,17,12,0,170
10,22,1,0,20
10,22,2,0,20
10,22,3,0,20
10,22,4,0,20
10,22,5,0,20
10,22,6,0,20
10,22,7,0,20
10,22,8,0,20
10,22,9,0,20
10,22,10,0,20
10,22,11,0,20
10,22,12,0,20
10,23,1,0,20
10,23,2,0,20
10,23,3,0,20
10,23,4,0,20
10,23,5,0,20
10,23,6,0,20
10,23,7,0,20
10,23,8,0,20
10,23,9,0,20
10,23,10,0,20
10,23,11,0,20
10,23,12,0,20
10,24,1,0,20
10,24,2,0,20
10,24,3,0,20
10,24,4,0,20
10,24,5,0,20
10,24,6,0,20
10,24,7,0,20
10,24,8,0,20
10,24,9,0,20
10,24,10,0,20
10,24,11,0,20
10,24,12,0,20
10,25,1,0,20
10,25,2,0,20
10,25,3,0,20
10,25,4,0,20
10,25,5,0,20
10,25,6,0,20
10,25,7,0,20
10,25,8,0,20
10,25,9,0,20
10,25,10,0,20
10,25,11,0,20
10,25,12,0,20
10,26,1,0,20
10,26,2,0,20
10,26,3,0,20
10,26,4,0,20
10,26,5,0,20
10,26,6,0,20
10,26,7,0,20
10,26,8,0,20
10,26,9,0,20
10,26,10,0,20
10,26,11,0,20
10,26,12,0,20
10,27,1,0,20
10,27,2,0,20
10,27,3,0,20
10,27,4,0,20
10,27,5,0,20
10,27,6,0,20
10,27,7,0,20
10,27,8,0,20
10,27,9,0,20
10,27,10,0,20
10,27,11,0,20
10,27,12,0,20
10,28,1,0,20
10,28,2,0,20
10,28,3,0,20
10,28,4,0,20
10,28,5,0,20
10,28,6,0,20
10,28,7,0,20
10,28,8,0,20
10,28,9,0,20
10,28,10,0,20
10,28,11,0,20
10,28,12,0,20
10,29,1,0,20
10,29,2,0,20
10,29,3,0,20
10,29,4,0,20
10,29,5,0,20
10,29,6,0,20
10,29,7,0,20
10,29,8,0,20
10,29,9,0,20
10,29,10,0,20
10,29,11,0,20
10,29,12,0,20
10,30,1,0,20
10,30,2,0,20
10,30,3,0,20
10,30,4,0,20
10,30,5,0,20
10,30,6,0,20
10,30,7,0,20
10,30,8,0,20
10,30,9,0,20
10,30,10,0,20
10,30,11,0,20
10,30,12,0,20
10,31,1,0,20
10,31,2,0,20
10,31,3,0,20
10,31,4,0,20
10,31,5,0,20
10,31,6,0,20
10,31,7,0,20
10,31,8,0,20
10,31,9,0,20
10,31,10,0,20
10,31,11,0,20
10,31,12,0,20
10,32,1,0,20
10,32,2,0,20
10,32,3,0,20
10,32,4,1,20
10,32,5,0,20
10,32,6,0,20
10,32,7,0,20
10,32,8,0,20
10,32,9,0,20
10,32,10,0,20
10,32,11,0,20
10,32,12,0,20
10,33,1,0,20
10,33,2,0,20
10,33,3,0,20
10,33,4,0,20
10,33,5,0,20
10,33,6,0,20
10,33,7,0,20
10,33,8,0,20
10,33,9,0,20
10,33,10,0,20
10,33,11,0,20
10,33,12,0,20
10,34,1,0,20
10,34,2,0,20
10,34,3,0,20
10,34,4,0,20
10,34,5,0,20
10,34,6,0,20
10,34,7,0,20
10,34,8,0,20
10,34,9,0,20
10,34,10,0,20
10,34,11,0,20
10,34,12,0,20
10,35,1,0,20
10,35,2,0,20
10,35,3,0,20
10,35,4,0,20
10,35,5,0,20
10,35,6,0,20
10,35,7,0,20
10,35,8,0,20
10,35,9,0,20
10,35,10,0,20
10,35,11,0,20
10,35,12,0,20
10,36,1,0,20
10,36,2,0,20
10,36,3,0,20
10,36,4,0,20
10,36,5,0,20
10,36,6,0,20
10,36,7,0,20
10,36,8,0,20
10,36,9,0,20
10,36,10,0,20
10,36,11,0,20
10,36,12,0,20
10,37,1,0,20
10,37,2,0,20
10,37,3,0,20
10,37,4,0,20
10,37,5,0,20
10,37,6,0,20
10,37,7,0,20
10,37,8,0,20
10,37,9,0,20
10,37,10,0,20
10,37,11,0,20
10,37,12,0,20
10,38,1,0,20
10,38,2,0,20
10,38,3,0,20
10,38,4,0,20
10,38,5,0,20
10,38,6,0,20
10,38,7,0,20
10,38,8,0,20
10,38,9,0,20
10,38,10,0,20
10,38,11,0,20
10,38,12,0,20
10,39,1,0,20
10,39,2,0,20
10,39,3,0,20
10,39,4,0,20
10,39,5,0,20
10,39,6,0,20
10,39,7,0,20
10,39,8,0,20
10,39,9,0,20
10,39,10,0,20
10,39,11,0,20
10,39,12,0,20
11,4,1,0,150
11,4,2,0,150
11,4,3,0,150
11,4,4,0,150
11,4,5,0,150
11,4,6,0,150
11,4,7,0,150
11,4,8,0,150
11,4,9,0,150
11,4,10,0,150
11,4,11,0,150
11,4,12,0,150
11,5,1,0,150
11,5,2,0,150
11,5,3,0,150
11,5,4,0,150
11,5,5,0,150
11,5,6,0,150
11,5,7,0,150
11,5,8,0,150
11,5,9,0,150
11,5,10,0,150
11,5,11,0,150
11,5,12,0,150
11,6,1,0,150
11,6,2,0,150
11,6,3,0,150
11,6,4,0,150
11,6,5,0,150
11,6,6,0,150
11,6,7,0,150
11,6,8,0,150
11,6,9,0,150
11,6,10,0,150
11,6,11,0,150
11,6,12,0,150
11,7,1,0,150
11,7,2,0,150
11,7,3,0,150
11,7,4,0,150
11,7,5,0,150
11,7,6,0,150
11,7,7,0,150
11,7,8,0,150
11,7,9,0,150
11,7,10,0,150
11,7,11,0,150
11,7,12,0,150
11,8,1,0,150
11,8,2,0,150
11,8,3,0,150
11,8,4,0,150
11,8,5,0,150
11,8,6,0,150
11,8,7,0,150
11,8,8,0,150
11,8,9,0,150
11,8,10,0,150
11,8,11,0,150
11,8,12,0,150
11,9,1,0,150
11,9,2,0,150
11,9,3,0,150
11,9,4,0,150
11,9,5,0,150
11,9,6,0,150
11,9,7,0,150
11,9,8,0,150
11,9,9,0,150
11,9,10,0,150
11,9,11,0,150
11,9,12,0,150
11,16,1,0,170
11,16,2,0,170
11,16,3,0,170
11,16,4,0,170
11,16,5,0,170
11,16,6,0,170
11,16,7,0,170
11,16,8,0,170
11,16,9,0,170
11,16,10,0,170
11,16,11,0,170
11,16,12,0,170
11,17,1,0,170
11,17,2,0,170
11,17,3,0,170
11,17,4,0,170
11,17,5,0,170
11,17,6,0,170
11,17,7,0,170
11,17,8,0,170
11,17,9,0,170
11,17,10,0,170
11,17,11,0,170
11,17,12,0,170
11,22,1,0,20
11,22,2,0,20
11,22,3,0,20
11,22,4,0,20
11,22,5,0,20
11,22,6,0,20
11,22,7,0,20
11,22,8,0,20
11,22,9,0,20
11,22,10,0,20
11,22,11,0,20
11,22,12,0,20
11,23,1,0,20
11,23,2,0,20
11,23,3,0,20
11,23,4,0,20
11,23,5,0,20
11,23,6,0,20
11,23,7,0,20
11,23,8,0,20
11,23,9,0,20
11,23,10,0,20
11,23,11,0,20
11,23,12,0,20
11,24,1,0,20
11,24,2,0,20
11,24,3,0,20
11,24,4,0,20
11,24,5,0,20
11,24,6,0,20
11,24,7,0,20
11,24,8,0,20
11,24,9,0,20
11,24,10,0,20
11,24,11,0,20
11,24,12,0,20
11,25,1,0,20
11,25,2,0,20
11,25,3,0,20
11,25,4,0,20
11,25,5,0,20
11,25,6,0,20
11,25,7,0,20
11,25,8,0,20
11,25,9,0,20
11,25,10,0,20
11,25,11,0,20
11,25,12,0,20
11,26,1,0,20
11,26,2,0,20
11,26,3,0,20
11,26,4,0,20
11,26,5,0,20
11,26,6,0,20
11,26,7,0,20
11,26,8,0,20
11,26,9,0,20
11,26,10,0,20
11,26,11,0,20
11,26,12,0,20
11,27,1,0,20
11,27,2,0,20
11,27,3,0,20
11,27,4,0,20
11,27,5,0,20
11,27,6,0,20
11,27,7,0,20
11,27,8,0,20
11,27,9,0,20
11,27,10,0,20
11,27,11,0,20
11,27,12,0,20
11,28,1,0,20
11,28,2,0,20
11,28,3,0,20
11,28,4,0,20
11,28,5,0,20
11,28,6,0,20
11,28,7,0,20
11,28,8,0,20
11,28,9,0,20
11,28,10,0,20
11,28,11,0,20
11,28,12,0,20
11,29,1,0,20
11,29,2,0,20
11,29,3,0,20
11,29,4,0,20
11,29,5,0,20
11,29,6,0,20
11,29,7,0,20
11,29,8,0,20
11,29,9,0,20
11,29,10,0,20
11,29,11,0,20
11,29,12,0,20
11,30,1,0,20
11,30,2,0,20
11,30,3,0,20
11,30,4,0,20
11,30,5,0,20
11,30,6,0,20
11,30,7,0,20
11,30,8,0,20
11,30,9,0,20
11,30,10,0,20
11,30,11,0,20
11,30,12,0,20
11,31,1,0,20
11,31,2,0,20
11,31,3,0,20
11,31,4,0,20
11,31,5,0,20
11,31,6,0,20
11,31,7,0,20
11,31,8,0,20
11,31,9,0,20
11,31,10,0,20
11,31,11,0,20
11,31,12,0,20
11,32,1,0,20
11,32,2,0,20
11,32,3,0,20
11,32,4,0,20
11,32,5,0,20
11,32,6,0,20
11,32,7,0,20
11,32,8,0,20
11,32,9,0,20
11,32,10,0,20
11,32,11,0,20
11,32,12,0,20
11,33,1,0,20
11,33,2,0,20
11,33,3,0,20
11,33,4,0,20
11,33,5,0,20
11,33,6,0,20
11,33,7,0,20
11,33,8,0,20
11,33,9,0,20
11,33,10,0,20
11,33,11,0,20
11,33,12,0,20
11,34,1,0,20
11,34,2,0,20
11,34,3,0,20
11,34,4,0,20
11,34,5,0,20
11,34,6,0,20
11,34,7,0,20
11,34,8,0,20
11,34,9,0,20
11,34,10,0,20
11,34,11,0,20
11,34,12,0,20
11,35,1,0,20
11,35,2,0,20
11,35,3,0,20
11,35,4,0,20
11,35,5,0,20
11,35,6,0,20
11,35,7,0,20
11,35,8,0,20
11,35,9,0,20
11,35,10,0,20
11,35,11,0,20
11,35,12,0,20
11,36,1,0,20
11,36,2,0,20
11,36,3,0,20
11,36,4,0,20
11,36,5,0,20
11,36,6,0,20
11,36,7,0,20
11,36,8,0,20
11,36,9,0,20
11,36,10,0,20
11,36,11,0,20
11,36,12,0,20
11,37,1,0,20
11,37,2,0,20
11,37,3,0,20
11,37,4,0,20
11,37,5,0,20
11,37,6,0,20
11,37,7,0,20
11,37,8,0,20
11,37,9,0,20
11,37,10,0,20
11,37,11,0,20
11,37,12,0,20
11,38,1,0,20
11,38,2,0,20
11,38,3,0,20
11,38,4,0,20
11,38,5,0,20
11,38,6,0,20
11,38,7,0,20
11,38,8,0,20
11,38,9,0,20
11,38,10,0,20
11,38,11,0,20
11,38,12,0,20
11,39,1,0,20
11,39,2,0,20
11,39,3,0,20
11,39,4,0,20
11,39,5,0,20
11,39,6,0,20
11,39,7,0,20
11,39,8,0,20
11,39,9,0,20
11,39,10,0,20
11,39,11,0,20
11,39,12,0,20
12,4,1,0,150
12,4,2,0,150
12,4,3,0,150
12,4,4,0,150
12,4,5,0,150
12,4,6,0,150
12,4,7,0,150
12,4,8,0,150
12,4,9,0,150
12,4,10,0,150
12,4,11,0,150
12,4,12,0,150
12,5,1,0,150
12,5,2,0,150
12,5,3,0,150
12,5,4,0,150
12,5,5,0,150
12,5,6,0,150
12,5,7,0,150
12,5,8,0,150
12,5,9,0,150
12,5,10,0,150
12,5,11,0,150
12,5,12,0,150
12,6,1,0,150
12,6,2,0,150
12,6,3,0,150
12,6,4,0,150
12,6,5,0,150
12,6,6,0,150
12,6,7,0,150
12,6,8,0,150
12,6,9,0,150
12,6,10,0,150
12,6,11,0,150
12,6,12,0,150
12,7,1,0,150
12,7,2,0,150
12,7,3,0,150
12,7,4,0,150
12,7,5,0,150
12,7,6,0,150
12,7,7,0,150
12,7,8,0,150
12,7,9,0,150
12,7,10,0,150
12,7,11,0,150
12,7,12,0,150
12,8,1,0,150
12,8,2,0,150
12,8,3,0,150
12,8,4,0,150
12,8,5,0,150
12,8,6,0,150
12,8,7,0,150
12,8,8,0,150
12,8,9,0,150
12,8,10,0,150
12,8,11,0,150
12,8,12,0,150
12,9,1,0,150
12,9,2,0,150
12,9,3,0,150
12,9,4,0,150
12,9,5,0,150
12,9,6,0,150
12,9,7,0,150
12,9,8,0,150
12,9,9,0,150
12,9,10,0,150
12,9,11,0,150
12,9,12,0,150
12,16,1,0,170
12,16,2,0,170
12,16,3,0,170
12,16,4,0,170
12,16,5,0,170
12,16,6,0,170
12,16,7,0,170
12,16,8,0,170
12,16,9,0,170
12,16,10,0,170
12,16,11,0,170
12,16,12,0,170
12,17,1,0,170
12,17,2,0,170
12,17,3,0,170
12,17,4,0,170
12,17,5,0,170
12,17,6,0,170
12,17,7,0,170
12,17,8,0,170
12,17,9,0,170
12,17,10,0,170
12,17,11,0,170
12,17,12,0,170
12,22,1,0,20
12,22,2,0,20
12,22,3,0,20
12,22,4,0,20
12,22,5,0,20
12,22,6,0,20
12,22,7,0,20
12,22,8,0,20
12,22,9,0,20
12,22,10,0,20
12,22,11,0,20
12,22,12,0,20
12,23,1,0,20
12,23,2,0,20
12,23,3,0,20
12,23,4,0,20
12,23,5,0,20
12,23,6,0,20
12,23,7,0,20
12,23,8,0,20
12,23,9,0,20
12,23,10,0,20
12,23,11,0,20
12,23,12,0,20
12,24,1,0,20
12,24,2,0,20
12,24,3,0,20
12,24,4,0,20
12,24,5,0,20
12,24,6,0,20
12,24,7,0,20
12,24,8,0,20
12,24,9,0,20
12,24,10,0,20
12,24,11,0,20
12,24,12,0,20
12,25,1,0,20
12,25,2,0,20
12,25,3,0,20
12,25,4,0,20
12,25,5,0,20
12,25,6,0,20
12,25,7,0,20
12,25,8,0,20
12,25,9,0,20
12,25,10,0,20
12,25,11,0,20
12,25,12,0,20
12,26,1,0,20
12,26,2,0,20
12,26,3,0,20
12,26,4,0,20
12,26,5,0,20
12,26,6,0,20
12,26,7,0,20
12,26,8,0,20
12,26,9,0,20
12,26,10,0,20
12,26,11,0,20
12,26,12,0,20
12,27,1,0,20
12,27,2,0,20
12,27,3,0,20
12,27,4,0,20
12,27,5,0,20
12,27,6,0,20
12,27,7,0,20
12,27,8,0,20
12,27,9,0,20
12,27,10,0,20
12,27,11,0,20
12,27,12,0,20
12,28,1,0,20
12,28,2,0,20
12,28,3,0,20
12,28,4,0,20
12,28,5,0,20
12,28,6,0,20
12,28,7,0,20
12,28,8,0,20
12,28,9,0,20
12,28,10,0,20
12,28,11,0,20
12,28,12,0,20
12,29,1,0,20
12,29,2,0,20
12,29,3,0,20
12,29,4,0,20
12,29,5,0,20
12,29,6,0,20
12,29,7,0,20
12,29,8,0,20
12,29,9,0,20
12,29,10,0,20
12,29,11,0,20
12,29,12,0,20
12,30,1,0,20
12,30,2,0,20
12,30,3,0,20
12,30,4,0,20
12,30,5,0,20
12,30,6,0,20
12,30,7,0,20
12,30,8,0,20
12,30,9,0,20
12,30,10,0,20
12,30,11,0,20
12,30,12,0,20
12,31,1,0,20
12,31,2,0,20
12,31,3,0,20
12,31,4,0,20
12,31,5,0,20
12,31,6,0,20
12,31,7,0,20
12,31,8,0,20
12,31,9,0,20
12,31,10,0,20
12,31,11,0,20
12,31,12,0,20
12,32,1,0,20
12,32,2,0,20
12,32,3,0,20
12,32,4,0,20
12,32,5,0,20
12,32,6,0,20
12,32,7,0,20
12,32,8,0,20
12,32,9,0,20
12,32,10,0,20
12,32,11,0,20
12,32,12,0,20
12,33,1,0,20
12,33,2,0,20
12,33,3,0,20
12,33,4,0,20
12,33,5,0,20
12,33,6,0,20
12,33,7,0,20
12,33,8,0,20
12,33,9,0,20
12,33,10,0,20
12,33,11,0,20
12,33,12,0,20
12,34,1,0,20
12,34,2,0,20
12,34,3,0,20
12,34,4,0,20
12,34,5,0,20
12,34,6,0,20
12,34,7,0,20
12,34,8,0,20
12,34,9,0,20
12,34,10,0,20
12,34,11,0,20
12,34,12,0,20
12,35,1,0,20
12,35,2,0,20
12,35,3,0,20
12,35,4,0,20
12,35,5,0,20
12,35,6,0,20
12,35,7,0,20
12,35,8,0,20
12,35,9,0,20
12,35,10,0,20
12,35,11,0,20
12,35,12,0,20
12,36,1,0,20
12,36,2,0,20
12,36,3,0,20
12,36,4,0,20
12,36,5,0,20
12,36,6,0,20
12,36,7,0,20
12,36,8,0,20
12,36,9,0,20
12,36,10,0,20
12,36,11,0,20
12,36,12,0,20
12,37,1,0,20
12,37,2,0,20
12,37,3,0,20
12,37,4,0,20
12,37,5,0,20
12,37,6,0,20
12,37,7,0,20
12,37,8,0,20
12,37,9,0,20
12,37,10,0,20
12,37,11,0,20
12,37,12,0,20
12,38,1,0,20
12,38,2,0,20
12,38,3,0,20
12,38,4,0,20
12,38,5,0,20
12,38,6,0,20
12,38,7,0,20
12,38,8,0,20
12,38,9,0,20
12,38,10,0,20
12,38,11,0,20
12,38,12,0,20
12,39,1,0,20
12,39,2,0,20
12,39,3,0,20
12,39,4,0,20
12,39,5,0,20
12,39,6,0,20
12,39,7,0,20
12,39,8,0,20
12,39,9,0,20
12,39,10,0,20
12,39,11,0,20
12,39,12,0,20
13,4,1,0,150
13,4,2,0,150
13,4,3,0,150
13,4,4,0,150
13,4,5,0,150
13,4,6,0,150
13,4,7,0,150
13,4,8,0,150
13,4,9,0,150
13,4,10,0,150
13,4,11,0,150
13,4,12,0,150
13,5,1,0,150
13,5,2,0,150
13,5,3,0,150
13,5,4,0,150
13,5,5,0,150
13,5,6,0,150
13,5,7,0,150
13,5,8,0,150
13,5,9,0,150
13,5,10,0,150
13,5,11,0,150
13,5,12,0,150
13,6,1,0,150
13,6,2,0,150
13,6,3,0,150
13,6,4,0,150
13,6,5,0,150
13,6,6,0,150
13,6,7,0,150
13,6,8,0,150
13,6,9,0,150
13,6,10,0,150
13,6,11,0,150
13,6,12,0,150
13,7,1,0,150
13,7,2,0,150
13,7,3,0,150
13,7,4,0,150
13,7,5,0,150
13,7,6,0,150
13,7,7,0,150
13,7,8,0,150
13,7,9,0,150
13,7,10,0,150
13,7,11,0,150
13,7,12,0,150
13,8,1,0,150
13,8,2,0,150
13,8,3,0,150
13,8,4,0,150
13,8,5,0,150
13,8,6,0,150
13,8,7,0,150
13,8,8,0,150
13,8,9,0,150
13,8,10,0,150
13,8,11,0,150
13,8,12,0,150
13,9,1,0,150
13,9,2,0,150
13,9,3,0,150
13,9,4,0,150
13,9,5,0,150
13,9,6,0,150
13,9,7,0,150
13,9,8,0,150
13,9,9,0,150
13,9,10,0,150
13,9,11,0,150
13,9,12,0,150
13,16,1,0,170
13,16,2,0,170
13,16,3,0,170
13,16,4,0,170
13,16,5,0,170
13,16,6,0,170
13,16,7,0,170
13,16,8,0,170
13,16,9,0,170
13,16,10,0,170
13,16,11,0,170
13,16,12,0,170
13,17,1,0,170
13,17,2,0,170
13,17,3,0,170
13,17,4,0,170
13,17,5,0,170
13,17,6,0,170
13,17,7,0,170
13,17,8,0,170
13,17,9,0,170
13,17,10,0,170
13,17,11,0,170
13,17,12,0,170
13,22,1,0,20
13,22,2,0,20
13,22,3,0,20
13,22,4,0,20
13,22,5,0,20
13,22,6,0,20
13,22,7,0,20
13,22,8,0,20
13,22,9,0,20
13,22,10,0,20
13,22,11,0,20
13,22,12,0,20
13,23,1,0,20
13,23,2,0,20
13,23,3,0,20
13,23,4,0,20
13,23,5,0,20
13,23,6,0,20
13,23,7,0,20
13,23,8,0,20
13,23,9,0,20
13,23,10,0,20
13,23,11,0,20
13,23,12,0,20
13,24,1,0,20
13,24,2,0,20
13,24,3,0,20
13,24,4,0,20
13,24,5,0,20
13,24,6,0,20
13,24,7,0,20
13,24,8,0,20
13,24,9,0,20
13,24,10,0,20
13,24,11,0,20
13,24,12,0,20
13,25,1,0,20
13,25,2,0,20
13,25,3,0,20
13,25,4,0,20
13,25,5,0,20
13,25,6,0,20
13,25,7,0,20
13,25,8,0,20
13,25,9,0,20
13,25,10,0,20
13,25,11,0,20
13,25,12,0,20
13,26,1,0,20
13,26,2,0,20
13,26,3,0,20
13,26,4,0,20
13,26,5,0,20
13,26,6,0,20
13,26,7,0,20
13,26,8,0,20
13,26,9,0,20
13,26,10,0,20
13,26,11,0,20
13,26,12,0,20
13,27,1,0,20
13,27,2,0,20
13,27,3,0,20
13,27,4,0,20
13,27,5,0,20
13,27,6,0,20
13,27,7,0,20
13,27,8,0,20
13,27,9,0,20
13,27,10,0,20
13,27,11,0,20
13,27,12,0,20
13,28,1,0,20
13,28,2,0,20
13,28,3,0,20
13,28,4,0,20
13,28,5,0,20
13,28,6,0,20
13,28,7,0,20
13,28,8,0,20
13,28,9,0,20
13,28,10,0,20
13,28,11,0,20
13,28,12,0,20
13,29,1,0,20
13,29,2,0,20
13,29,3,0,20
13,29,4,0,20
13,29,5,0,20
13,29,6,0,20
13,29,7,0,20
13,29,8,0,20
13,29,9,0,20
13,29,10,0,20
13,29,11,0,20
13,29,12,0,20
13,30,1,0,20
13,30,2,0,20
13,30,3,0,20
13,30,4,0,20
13,30,5,0,20
13,30,6,0,20
13,30,7,0,20
13,30,8,0,20
13,30,9,0,20
13,30,10,0,20
13,30,11,0,20
13,30,12,0,20
13,31,1,0,20
13,31,2,0,20
13,31,3,0,20
13,31,4,0,20
13,31,5,0,20
13,31,6,0,20
13,31,7,0,20
13,31,8,0,20
13,31,9,0,20
13,31,10,0,20
13,31,11,0,20
13,31,12,0,20
13,32,1,0,20
13,32,2,0,20
13,32,3,0,20
13,32,4,0,20
13,32,5,0,20
13,32,6,0,20
13,32,7,0,20
13,32,8,0,20
13,32,9,0,20
13,32,10,0,20
13,32,11,0,20
13,32,12,0,20
13,33,1,0,20
13,33,2,0,20
13,33,3,0,20
13,33,4,0,20
13,33,5,0,20
13,33,6,0,20
13,33,7,0,20
13,33,8,0,20
13,33,9,0,20
13,33,10,0,20
13,33,11,0,20
13,33,12,0,20
13,34,1,0,20
13,34,2,0,20
13,34,3,0,20
13,34,4,0,20
13,34,5,0,20
13,34,6,0,20
13,34,7,0,20
13,34,8,0,20
13,34,9,0,20
13,34,10,0,20
13,34,11,0,20
13,34,12,0,20
13,35,1,0,20
13,35,2,0,20
13,35,3,0,20
13,35,4,0,20
13,35,5,0,20
13,35,6,0,20
13,35,7,0,20
13,35,8,0,20
13,35,9,0,20
13,35,10,0,20
13,35,11,0,20
13,35,12,0,20
13,36,1,0,20
13,36,2,0,20
13,36,3,0,20
13,36,4,0,20
13,36,5,0,20
13,36,6,0,20
13,36,7,0,20
13,36,8,0,20
13,36,9,0,20
13,36,10,0,20
13,36,11,0,20
13,36,12,0,20
13,37,1,0,20
13,37,2,0,20
13,37,3,0,20
13,37,4,0,20
13,37,5,0,20
13,37,6,0,20
13,37,7,0,20
13,37,8,0,20
13,37,9,0,20
13,37,10,0,20
13,37,11,0,20
13,37,12,0,20
13,38,1,0,20
13,38,2,0,20
13,38,3,0,20
13,38,4,0,20
13,38,5,0,20
13,38,6,0,20
13,38,7,0,20
13,38,8,0,20
13,38,9,0,20
13,38,10,0,20
13,38,11,0,20
13,38,12,0,20
13,39,1,0,20
13,39,2,0,20
13,39,3,0,20
13,39,4,0,20
13,39,5,0,20
13,39,6,0,20
13,39,7,0,20
13,39,8,0,20
13,39,9,0,20
13,39,10,0,20
13,39,11,0,20
13,39,12,0,20
