agent,contrainte,jour,value
1,1,1,0
1,1,2,0
1,1,3,0
1,1,4,0
1,1,5,0
1,1,6,0
1,1,7,0
1,1,8,0
1,1,9,0
1,1,10,0
1,1,11,0
1,1,12,0
1,1,13,0
1,1,14,0
1,1,15,0
1,1,16,0
1,1,17,0
1,1,18,0
1,1,19,0
1,1,20,0
1,1,21,0
1,1,22,0
1,1,23,0
1,1,24,0
1,1,25,0
1,1,26,0
1,1,27,0
1,1,28,0
1,1,29,0
1,1,30,0
1,1,31,0
1,1,32,0
1,1,33,0
1,1,34,0
1,1,35,0
1,1,36,0
1,1,37,0
1,1,38,0
1,1,39,0
1,1,40,0
1,1,41,0
1,1,42,0
1,1,43,0
1,1,44,0
1,1,45,0
1,1,46,0
1,1,47,0
1,1,48,0
1,1,49,0
1,1,50,1
1,1,51,0
1,1,52,0
1,1,53,0
1,1,54,0
1,1,55,0
1,1,56,0
1,1,57,0
1,1,58,0
1,1,59,0
1,1,60,0
1,1,61,0
1,1,62,0
1,1,63,0
1,1,64,0
1,1,65,0
1,1,66,0
1,1,67,0
1,1,68,0
1,1,69,0
1,1,70,0
1,2,1,0
1,2,2,0
1,2,3,0
1,2,4,0
1,2,5,0
1,2,6,0
1,2,7,0
1,2,8,0
1,2,9,0
1,2,10,0
1,2,11,0
1,2,12,0
1,2,13,0
1,2,14,1
1,2,15,0
1,2,16,0
1,2,17,1
1,2,18,0
1,2,19,0
1,2,20,0
1,2,21,0
1,2,22,1
1,2,23,0
1,2,24,0
1,2,25,0
1,2,26,1
1,2,27,0
1,2,28,0
1,2,29,0
1,2,30,0
1,2,31,1
1,2,32,0
1,2,33,0
1,2,34,0
1,2,35,0
1,2,36,0
1,2,37,0
1,2,38,0
1,2,39,0
1,2,40,1
1,2,41,0
1,2,42,0
1,2,43,0
1,2,44,0
1,2,45,0
1,2,46,0
1,2,47,0
1,2,48,1
1,2,49,0
1,2,50,1
1,2,51,0
1,2,52,0
1,2,53,0
1,2,54,0
1,2,55,0
1,2,56,0
1,2,57,0
1,2,58,0
1,2,59,0
1,2,60,1
1,2,61,0
1,2,62,0
1,2,63,0
1,2,64,0
1,2,65,0
1,2,66,0
1,2,67,0
1,2,68,0
1,2,69,0
1,2,70,0
1,3,1,0
1,3,2,0
1,3,3,0
1,3,4,0
1,3,5,0
1,3,6,0
1,3,7,0
1,3,8,0
1,3,9,0
1,3,10,0
1,3,11,0
1,3,12,0
1,3,13,0
1,3,14,0
1,3,15,0
1,3,16,0
1,3,17,0
1,3,18,0
1,3,19,0
1,3,20,0
1,3,21,0
1,3,22,0
1,3,23,0
1,3,24,0
1,3,25,0
1,3,26,0
1,3,27,0
1,3,28,0
1,3,29,0
1,3,30,0
1,3,31,0
1,3,32,0
1,3,33,0
1,3,34,0
1,3,35,0
1,3,36,0
1,3,37,0
1,3,38,0
1,3,39,0
1,3,40,0
1,3,41,0
1,3,42,0
1,3,43,0
1,3,44,0
1,3,45,0
1,3,46,0
1,3,47,0
1,3,48,0
1,3,49,0
1,3,50,0
1,3,51,0
1,3,52,0
1,3,53,0
1,3,54,0
1,3,55,0
1,3,56,0
1,3,57,0
1,3,58,0
1,3,59,0
1,3,60,0
1,3,61,0
1,3,62,0
1,3,63,0
1,3,64,0
1,3,65,0
1,3,66,0
1,3,67,0
1,3,68,1
1,3,69,0
1,3,70,0
1,10,1,0
1,10,2,0
1,10,3,0
1,10,4,0
1,10,5,0
1,10,6,0
1,10,7,0
1,10,8,0
1,10,9,0
1,10,10,0
1,10,11,0
1,10,12,0
1,10,13,0
1,10,14,0
1,10,15,0
1,10,16,0
1,10,17,0
1,10,18,0
1,10,19,0
1,10,20,0
1,10,21,0
1,10,22,0
1,10,23,0
1,10,24,0
1,10,25,0
1,10,26,0
1,10,27,0
1,10,28,0
1,10,29,0
1,10,30,0
1,10,31,0
1,10,32,0
1,10,33,0
1,10,34,0
1,10,35,0
1,10,36,0
1,10,37,0
1,10,38,0
1,10,39,0
1,10,40,0
1,10,41,0
1,10,42,0
1,10,43,0
1,10,44,0
1,10,45,0
1,10,46,0
1,10,47,0
1,10,48,0
1,10,49,0
1,10,50,0
1,10,51,0
1,10,52,0
1,10,53,0
1,10,54,0
1,10,55,0
1,10,56,0
1,10,57,0
1,10,58,0
1,10,59,0
1,10,60,0
1,10,61,0
1,10,62,0
1,10,63,0
1,10,64,0
1,10,65,0
1,10,66,0
1,10,67,0
1,10,68,0
1,10,69,0
1,10,70,0
1,11,1,0
1,11,2,0
1,11,3,0
1,11,4,0
1,11,5,0
1,11,6,0
1,11,7,0
1,11,8,0
1,11,9,0
1,11,10,0
1,11,11,0
1,11,12,0
1,11,13,0
1,11,14,0
1,11,15,0
1,11,16,0
1,11,17,0
1,11,18,0
1,11,19,0
1,11,20,0
1,11,21,0
1,11,22,0
1,11,23,0
1,11,24,0
1,11,25,0
1,11,26,0
1,11,27,0
1,11,28,0
1,11,29,0
1,11,30,0
1,11,31,0
1,11,32,0
1,11,33,0
1,11,34,0
1,11,35,0
1,11,36,0
1,11,37,0
1,11,38,0
1,11,39,0
1,11,40,0
1,11,41,0
1,11,42,0
1,11,43,0
1,11,44,0
1,11,45,0
1,11,46,0
1,11,47,0
1,11,48,0
1,11,49,0
1,11,50,0
1,11,51,0
1,11,52,0
1,11,53,0
1,11,54,0
1,11,55,0
1,11,56,0
1,11,57,0
1,11,58,0
1,11,59,0
1,11,60,0
1,11,61,0
1,11,62,0
1,11,63,0
1,11,64,0
1,11,65,0
1,11,66,0
1,11,67,0
1,11,68,0
1,11,69,0
1,11,70,0
1,12,1,0
1,12,2,0
1,12,3,0
1,12,4,0
1,12,5,0
1,12,6,0
1,12,7,0
1,12,8,0
1,12,9,0
1,12,10,0
1,12,11,0
1,12,12,0
1,12,13,0
1,12,14,0
1,12,15,0
1,12,16,0
1,12,17,0
1,12,18,0
1,12,19,0
1,12,20,0
1,12,21,0
1,12,22,0
1,12,23,0
1,12,24,0
1,12,25,0
1,12,26,0
1,12,27,0
1,12,28,0
1,12,29,0
1,12,30,0
1,12,31,0
1,12,32,0
1,12,33,0
1,12,34,0
1,12,35,0
1,12,36,0
1,12,37,0
1,12,38,0
1,12,39,0
1,12,40,0
1,12,41,0
1,12,42,0
1,12,43,0
1,12,44,0
1,12,45,0
1,12,46,0
1,12,47,0
1,12,48,0
1,12,49,0
1,12,50,0
1,12,51,0
1,12,52,0
1,12,53,0
1,12,54,0
1,12,55,0
1,12,56,0
1,12,57,0
1,12,58,0
1,12,59,0
1,12,60,0
1,12,61,0
1,12,62,0
1,12,63,0
1,12,64,0
1,12,65,0
1,12,66,0
1,12,67,0
1,12,68,0
1,12,69,0
1,12,70,0
1,13,1,0
1,13,2,0
1,13,3,0
1,13,4,0
1,13,5,0
1,13,6,0
1,13,7,0
1,13,8,0
1,13,9,0
1,13,10,0
1,13,11,0
1,13,12,0
1,13,13,0
1,13,14,0
1,13,15,0
1,13,16,0
1,13,17,0
1,13,18,0
1,13,19,0
1,13,20,0
1,13,21,0
1,13,22,0
1,13,23,0
1,13,24,0
1,13,25,0
1,13,26,0
1,13,27,0
1,13,28,0
1,13,29,0
1,13,30,0
1,13,31,0
1,13,32,0
1,13,33,0
1,13,34,0
1,13,35,0
1,13,36,0
1,13,37,0
1,13,38,0
1,13,39,0
1,13,40,0
1,13,41,0
1,13,42,0
1,13,43,0
1,13,44,0
1,13,45,0
1,13,46,0
1,13,47,0
1,13,48,0
1,13,49,0
1,13,50,0
1,13,51,0
1,13,52,0
1,13,53,0
1,13,54,0
1,13,55,0
1,13,56,0
1,13,57,0
1,13,58,0
1,13,59,0
1,13,60,0
1,13,61,0
1,13,62,0
1,13,63,0
1,13,64,0
1,13,65,0
1,13,66,0
1,13,67,0
1,13,68,0
1,13,69,0
1,13,70,0
1,14,1,0
1,14,2,0
1,14,3,0
1,14,4,0
1,14,5,0
1,14,6,0
1,14,7,0
1,14,8,0
1,14,9,0
1,14,10,0
1,14,11,0
1,14,12,0
1,14,13,0
1,14,14,0
1,14,15,0
1,14,16,0
1,14,17,0
1,14,18,0
1,14,19,0
1,14,20,0
1,14,21,0
1,14,22,0
1,14,23,0
1,14,24,0
1,14,25,0
1,14,26,0
1,14,27,0
1,14,28,0
1,14,29,0
1,14,30,0
1,14,31,0
1,14,32,0
1,14,33,0
1,14,34,0
1,14,35,0
1,14,36,0
1,14,37,0
1,14,38,0
1,14,39,0
1,14,40,0
1,14,41,0
1,14,42,0
1,14,43,0
1,14,44,0
1,14,45,0
1,14,46,0
1,14,47,0
1,14,48,0
1,14,49,0
1,14,50,0
1,14,51,0
1,14,52,0
1,14,53,0
1,14,54,0
1,14,55,0
1,14,56,0
1,14,57,0
1,14,58,0
1,14,59,0
1,14,60,0
1,14,61,0
1,14,62,0
1,14,63,0
1,14,64,0
1,14,65,0
1,14,66,0
1,14,67,0
1,14,68,0
1,14,69,0
1,14,70,0
1,15,1,0
1,15,2,0
1,15,3,0
1,15,4,0
1,15,5,0
1,15,6,0
1,15,7,0
1,15,8,0
1,15,9,0
1,15,10,0
1,15,11,0
1,15,12,0
1,15,13,0
1,15,14,0
1,15,15,0
1,15,16,0
1,15,17,0
1,15,18,0
1,15,19,0
1,15,20,0
1,15,21,1
1,15,22,0
1,15,23,0
1,15,24,0
1,15,25,0
1,15,26,1
1,15,27,1
1,15,28,1
1,15,29,0
1,15,30,0
1,15,31,1
1,15,32,1
1,15,33,0
1,15,34,0
1,15,35,0
1,15,36,0
1,15,37,0
1,15,38,0
1,15,39,0
1,15,40,0
1,15,41,0
1,15,42,0
1,15,43,1
1,15,44,1
1,15,45,1
1,15,46,0
1,15,47,1
1,15,48,1
1,15,49,1
1,15,50,1
1,15,51,1
1,15,52,0
1,15,53,0
1,15,54,0
1,15,55,0
1,15,56,0
1,15,57,0
1,15,58,0
1,15,59,0
1,15,60,0
1,15,61,0
1,15,62,0
1,15,63,0
1,15,64,0
1,15,65,0
1,15,66,0
1,15,67,0
1,15,68,0
1,15,69,1
1,15,70,0
1,20,1,0
1,20,2,0
1,20,3,0
1,20,4,0
1,20,5,0
1,20,6,0
1,20,7,0
1,20,8,0
1,20,9,0
1,20,10,0
1,20,11,0
1,20,12,0
1,20,13,0
1,20,14,0
1,20,15,0
1,20,16,0
1,20,17,0
1,20,18,0
1,20,19,0
1,20,20,0
1,20,21,0
1,20,22,0
1,20,23,0
1,20,24,0
1,20,25,0
1,20,26,0
1,20,27,0
1,20,28,0
1,20,29,0
1,20,30,0
1,20,31,0
1,20,32,0
1,20,33,0
1,20,34,0
1,20,35,1
1,20,36,0
1,20,37,0
1,20,38,0
1,20,39,0
1,20,40,0
1,20,41,0
1,20,42,0
1,20,43,0
1,20,44,0
1,20,45,0
1,20,46,0
1,20,47,0
1,20,48,0
1,20,49,0
1,20,50,0
1,20,51,0
1,20,52,0
1,20,53,0
1,20,54,0
1,20,55,0
1,20,56,0
1,20,57,1
1,20,58,0
1,20,59,0
1,20,60,0
1,20,61,0
1,20,62,0
1,20,63,0
1,20,64,0
1,20,65,0
1,20,66,0
1,20,67,0
1,20,68,0
1,20,69,0
1,20,70,0
1,21,1,0
1,21,2,0
1,21,3,0
1,21,4,0
1,21,5,0
1,21,6,0
1,21,7,0
1,21,8,0
1,21,9,0
1,21,10,0
1,21,11,1
1,21,12,0
1,21,13,0
1,21,14,0
1,21,15,0
1,21,16,0
1,21,17,0
1,21,18,0
1,21,19,0
1,21,20,0
1,21,21,0
1,21,22,0
1,21,23,0
1,21,24,0
1,21,25,0
1,21,26,0
1,21,27,0
1,21,28,0
1,21,29,0
1,21,30,0
1,21,31,0
1,21,32,1
1,21,33,0
1,21,34,0
1,21,35,0
1,21,36,0
1,21,37,0
1,21,38,0
1,21,39,0
1,21,40,0
1,21,41,0
1,21,42,0
1,21,43,0
1,21,44,0
1,21,45,0
1,21,46,0
1,21,47,0
1,21,48,0
1,21,49,1
1,21,50,0
1,21,51,0
1,21,52,0
1,21,53,0
1,21,54,0
1,21,55,0
1,21,56,0
1,21,57,0
1,21,58,0
1,21,59,0
1,21,60,0
1,21,61,1
1,21,62,0
1,21,63,0
1,21,64,0
1,21,65,0
1,21,66,0
1,21,67,0
1,21,68,0
1,21,69,0
1,21,70,0
2,1,1,0
2,1,2,0
2,1,3,0
2,1,4,0
2,1,5,0
2,1,6,0
2,1,7,0
2,1,8,0
2,1,9,0
2,1,10,0
2,1,11,0
2,1,12,0
2,1,13,0
2,1,14,0
2,1,15,0
2,1,16,0
2,1,17,0
2,1,18,0
2,1,19,0
2,1,20,0
2,1,21,0
2,1,22,0
2,1,23,0
2,1,24,0
2,1,25,0
2,1,26,0
2,1,27,0
2,1,28,0
2,1,29,0
2,1,30,0
2,1,31,0
2,1,32,0
2,1,33,0
2,1,34,0
2,1,35,1
2,1,36,0
2,1,37,0
2,1,38,0
2,1,39,0
2,1,40,0
2,1,41,1
2,1,42,0
2,1,43,0
2,1,44,0
2,1,45,0
2,1,46,0
2,1,47,0
2,1,48,0
2,1,49,0
2,1,50,0
2,1,51,0
2,1,52,0
2,1,53,0
2,1,54,1
2,1,55,0
2,1,56,0
2,1,57,0
2,1,58,0
2,1,59,0
2,1,60,0
2,1,61,0
2,1,62,0
2,1,63,0
2,1,64,0
2,1,65,1
2,1,66,0
2,1,67,0
2,1,68,0
2,1,69,0
2,1,70,0
2,2,1,0
2,2,2,0
2,2,3,0
2,2,4,0
2,2,5,0
2,2,6,0
2,2,7,0
2,2,8,1
2,2,9,0
2,2,10,0
2,2,11,0
2,2,12,0
2,2,13,0
2,2,14,0
2,2,15,1
2,2,16,1
2,2,17,0
2,2,18,0
2,2,19,0
2,2,20,0
2,2,21,0
2,2,22,0
2,2,23,1
2,2,24,0
2,2,25,1
2,2,26,0
2,2,27,0
2,2,28,0
2,2,29,0
2,2,30,0
2,2,31,1
2,2,32,0
2,2,33,1
2,2,34,0
2,2,35,1
2,2,36,0
2,2,37,0
2,2,38,0
2,2,39,0
2,2,40,0
2,2,41,1
2,2,42,0
2,2,43,0
2,2,44,1
2,2,45,0
2,2,46,1
2,2,47,1
2,2,48,0
2,2,49,0
2,2,50,0
2,2,51,0
2,2,52,0
2,2,53,0
2,2,54,1
2,2,55,0
2,2,56,0
2,2,57,1
2,2,58,0
2,2,59,0
2,2,60,1
2,2,61,0
2,2,62,0
2,2,63,0
2,2,64,0
2,2,65,1
2,2,66,0
2,2,67,1
2,2,68,0
2,2,69,0
2,2,70,0
2,3,1,0
2,3,2,0
2,3,3,0
2,3,4,0
2,3,5,0
2,3,6,0
2,3,7,0
2,3,8,0
2,3,9,0
2,3,10,0
2,3,11,0
2,3,12,0
2,3,13,0
2,3,14,0
2,3,15,0
2,3,16,0
2,3,17,0
2,3,18,0
2,3,19,0
2,3,20,0
2,3,21,0
2,3,22,0
2,3,23,0
2,3,24,0
2,3,25,0
2,3,26,0
2,3,27,0
2,3,28,0
2,3,29,0
2,3,30,0
2,3,31,0
2,3,32,0
2,3,33,0
2,3,34,0
2,3,35,0
2,3,36,0
2,3,37,0
2,3,38,0
2,3,39,0
2,3,40,0
2,3,41,0
2,3,42,0
2,3,43,0
2,3,44,0
2,3,45,0
2,3,46,0
2,3,47,0
2,3,48,0
2,3,49,0
2,3,50,0
2,3,51,0
2,3,52,0
2,3,53,0
2,3,54,0
2,3,55,0
2,3,56,0
2,3,57,0
2,3,58,0
2,3,59,0
2,3,60,0
2,3,61,0
2,3,62,0
2,3,63,0
2,3,64,0
2,3,65,0
2,3,66,0
2,3,67,0
2,3,68,0
2,3,69,0
2,3,70,0
2,10,1,0
2,10,2,0
2,10,3,0
2,10,4,0
2,10,5,0
2,10,6,0
2,10,7,0
2,10,8,0
2,10,9,0
2,10,10,0
2,10,11,0
2,10,12,0
2,10,13,0
2,10,14,0
2,10,15,0
2,10,16,0
2,10,17,0
2,10,18,0
2,10,19,0
2,10,20,0
2,10,21,0
2,10,22,0
2,10,23,0
2,10,24,0
2,10,25,0
2,10,26,0
2,10,27,0
2,10,28,0
2,10,29,0
2,10,30,0
2,10,31,0
2,10,32,0
2,10,33,0
2,10,34,0
2,10,35,0
2,10,36,0
2,10,37,0
2,10,38,0
2,10,39,0
2,10,40,0
2,10,41,0
2,10,42,0
2,10,43,0
2,10,44,0
2,10,45,0
2,10,46,0
2,10,47,0
2,10,48,0
2,10,49,0
2,10,50,0
2,10,51,0
2,10,52,0
2,10,53,0
2,10,54,0
2,10,55,0
2,10,56,0
2,10,57,0
2,10,58,0
2,10,59,0
2,10,60,0
2,10,61,0
2,10,62,0
2,10,63,0
2,10,64,0
2,10,65,0
2,10,66,0
2,10,67,0
2,10,68,0
2,10,69,0
2,10,70,0
2,11,1,0
2,11,2,0
2,11,3,0
2,11,4,0
2,11,5,0
2,11,6,0
2,11,7,0
2,11,8,0
2,11,9,0
2,11,10,0
2,11,11,0
2,11,12,0
2,11,13,0
2,11,14,0
2,11,15,0
2,11,16,0
2,11,17,0
2,11,18,0
2,11,19,0
2,11,20,0
2,11,21,0
2,11,22,0
2,11,23,0
2,11,24,0
2,11,25,0
2,11,26,0
2,11,27,0
2,11,28,0
2,11,29,0
2,11,30,0
2,11,31,0
2,11,32,0
2,11,33,0
2,11,34,0
2,11,35,0
2,11,36,0
2,11,37,0
2,11,38,0
2,11,39,0
2,11,40,0
2,11,41,0
2,11,42,0
2,11,43,0
2,11,44,0
2,11,45,0
2,11,46,0
2,11,47,0
2,11,48,0
2,11,49,0
2,11,50,0
2,11,51,0
2,11,52,0
2,11,53,0
2,11,54,0
2,11,55,0
2,11,56,0
2,11,57,0
2,11,58,0
2,11,59,0
2,11,60,0
2,11,61,0
2,11,62,0
2,11,63,0
2,11,64,0
2,11,65,0
2,11,66,0
2,11,67,0
2,11,68,0
2,11,69,0
2,11,70,0
2,12,1,0
2,12,2,0
2,12,3,0
2,12,4,0
2,12,5,0
2,12,6,0
2,12,7,0
2,12,8,0
2,12,9,0
2,12,10,0
2,12,11,0
2,12,12,0
2,12,13,0
2,12,14,0
2,12,15,0
2,12,16,0
2,12,17,0
2,12,18,0
2,12,19,0
2,12,20,0
2,12,21,0
2,12,22,0
2,12,23,0
2,12,24,0
2,12,25,0
2,12,26,0
2,12,27,0
2,12,28,0
2,12,29,0
2,12,30,0
2,12,31,0
2,12,32,0
2,12,33,0
2,12,34,0
2,12,35,0
2,12,36,0
2,12,37,0
2,12,38,0
2,12,39,0
2,12,40,0
2,12,41,0
2,12,42,0
2,12,43,0
2,12,44,0
2,12,45,0
2,12,46,0
2,12,47,0
2,12,48,0
2,12,49,0
2,12,50,0
2,12,51,0
2,12,52,0
2,12,53,0
2,12,54,0
2,12,55,0
2,12,56,0
2,12,57,0
2,12,58,0
2,12,59,0
2,12,60,0
2,12,61,0
2,12,62,0
2,12,63,0
2,12,64,0
2,12,65,0
2,12,66,0
2,12,67,0
2,12,68,0
2,12,69,0
2,12,70,0
2,13,1,0
2,13,2,0
2,13,3,0
2,13,4,0
2,13,5,0
2,13,6,0
2,13,7,0
2,13,8,0
2,13,9,0
2,13,10,0
2,13,11,0
2,13,12,0
2,13,13,0
2,13,14,0
2,13,15,0
2,13,16,0
2,13,17,0
2,13,18,0
2,13,19,0
2,13,20,0
2,13,21,0
2,13,22,0
2,13,23,0
2,13,24,0
2,13,25,0
2,13,26,0
2,13,27,0
2,13,28,0
2,13,29,0
2,13,30,0
2,13,31,0
2,13,32,0
2,13,33,0
2,13,34,0
2,13,35,0
2,13,36,0
2,13,37,0
2,13,38,0
2,13,39,0
2,13,40,0
2,13,41,0
2,13,42,0
2,13,43,0
2,13,44,0
2,13,45,0
2,13,46,0
2,13,47,0
2,13,48,0
2,13,49,0
2,13,50,0
2,13,51,0
2,13,52,0
2,13,53,0
2,13,54,0
2,13,55,0
2,13,56,0
2,13,57,0
2,13,58,0
2,13,59,0
2,13,60,0
2,13,61,0
2,13,62,0
2,13,63,0
2,13,64,0
2,13,65,0
2,13,66,0
2,13,67,0
2,13,68,0
2,13,69,0
2,13,70,0
2,14,1,0
2,14,2,0
2,14,3,0
2,14,4,0
2,14,5,0
2,14,6,0
2,14,7,0
2,14,8,0
2,14,9,0
2,14,10,0
2,14,11,0
2,14,12,0
2,14,13,0
2,14,14,0
2,14,15,0
2,14,16,0
2,14,17,0
2,14,18,0
2,14,19,0
2,14,20,0
2,14,21,0
2,14,22,0
2,14,23,0
2,14,24,0
2,14,25,0
2,14,26,0
2,14,27,0
2,14,28,0
2,14,29,0
2,14,30,0
2,14,31,0
2,14,32,0
2,14,33,0
2,14,34,0
2,14,35,0
2,14,36,0
2,14,37,0
2,14,38,0
2,14,39,0
2,14,40,0
2,14,41,0
2,14,42,0
2,14,43,0
2,14,44,0
2,14,45,0
2,14,46,0
2,14,47,0
2,14,48,0
2,14,49,0
2,14,50,0
2,14,51,0
2,14,52,0
2,14,53,0
2,14,54,0
2,14,55,0
2,14,56,0
2,14,57,0
2,14,58,0
2,14,59,0
2,14,60,0
2,14,61,0
2,14,62,0
2,14,63,0
2,14,64,0
2,14,65,0
2,14,66,0
2,14,67,0
2,14,68,0
2,14,69,0
2,14,70,0
2,15,1,0
2,15,2,0
2,15,3,0
2,15,4,0
2,15,5,0
2,15,6,0
2,15,7,0
2,15,8,0
2,15,9,0
2,15,10,0
2,15,11,0
2,15,12,0
2,15,13,0
2,15,14,0
2,15,15,0
2,15,16,0
2,15,17,0
2,15,18,0
2,15,19,0
2,15,20,0
2,15,21,0
2,15,22,0
2,15,23,0
2,15,24,0
2,15,25,0
2,15,26,0
2,15,27,0
2,15,28,0
2,15,29,0
2,15,30,0
2,15,31,0
2,15,32,0
2,15,33,0
2,15,34,0
2,15,35,0
2,15,36,0
2,15,37,0
2,15,38,0
2,15,39,0
2,15,40,0
2,15,41,0
2,15,42,0
2,15,43,0
2,15,44,0
2,15,45,0
2,15,46,0
2,15,47,0
2,15,48,0
2,15,49,0
2,15,50,0
2,15,51,0
2,15,52,0
2,15,53,0
2,15,54,0
2,15,55,0
2,15,56,0
2,15,57,0
2,15,58,1
2,15,59,1
2,15,60,1
2,15,61,1
2,15,62,0
2,15,63,0
2,15,64,1
2,15,65,0
2,15,66,0
2,15,67,0
2,15,68,0
2,15,69,0
2,15,70,1
2,20,1,0
2,20,2,0
2,20,3,0
2,20,4,0
2,20,5,0
2,20,6,0
2,20,7,1
2,20,8,0
2,20,9,0
2,20,10,0
2,20,11,0
2,20,12,0
2,20,13,0
2,20,14,0
2,20,15,0
2,20,16,0
2,20,17,0
2,20,18,0
2,20,19,0
2,20,20,0
2,20,21,0
2,20,22,0
2,20,23,0
2,20,24,0
2,20,25,0
2,20,26,0
2,20,27,0
2,20,28,0
2,20,29,0
2,20,30,0
2,20,31,0
2,20,32,0
2,20,33,0
2,20,34,0
2,20,35,0
2,20,36,0
2,20,37,0
2,20,38,0
2,20,39,0
2,20,40,0
2,20,41,0
2,20,42,0
2,20,43,0
2,20,44,0
2,20,45,0
2,20,46,0
2,20,47,0
2,20,48,0
2,20,49,0
2,20,50,0
2,20,51,0
2,20,52,0
2,20,53,0
2,20,54,0
2,20,55,0
2,20,56,0
2,20,57,0
2,20,58,0
2,20,59,0
2,20,60,0
2,20,61,0
2,20,62,0
2,20,63,0
2,20,64,1
2,20,65,0
2,20,66,0
2,20,67,0
2,20,68,0
2,20,69,0
2,20,70,0
2,21,1,0
2,21,2,0
2,21,3,0
2,21,4,0
2,21,5,0
2,21,6,0
2,21,7,0
2,21,8,0
2,21,9,0
2,21,10,0
2,21,11,0
2,21,12,0
2,21,13,0
2,21,14,0
2,21,15,0
2,21,16,0
2,21,17,1
2,21,18,0
2,21,19,0
2,21,20,1
2,21,21,0
2,21,22,0
2,21,23,0
2,21,24,1
2,21,25,0
2,21,26,0
2,21,27,0
2,21,28,0
2,21,29,0
2,21,30,0
2,21,31,0
2,21,32,0
2,21,33,0
2,21,34,0
2,21,35,0
2,21,36,0
2,21,37,0
2,21,38,0
2,21,39,0
2,21,40,1
2,21,41,0
2,21,42,0
2,21,43,0
2,21,44,0
2,21,45,0
2,21,46,0
2,21,47,0
2,21,48,0
2,21,49,0
2,21,50,0
2,21,51,0
2,21,52,0
2,21,53,0
2,21,54,0
2,21,55,1
2,21,56,0
2,21,57,0
2,21,58,0
2,21,59,0
2,21,60,0
2,21,61,0
2,21,62,0
2,21,63,0
2,21,64,0
2,21,65,0
2,21,66,1
2,21,67,0
2,21,68,0
2,21,69,0
2,21,70,0
3,1,1,0
3,1,2,0
3,1,3,0
3,1,4,0
3,1,5,0
3,1,6,0
3,1,7,0
3,1,8,0
3,1,9,0
3,1,10,0
3,1,11,0
3,1,12,0
3,1,13,0
3,1,14,0
3,1,15,0
3,1,16,0
3,1,17,1
3,1,18,0
3,1,19,0
3,1,20,0
3,1,21,0
3,1,22,0
3,1,23,0
3,1,24,0
3,1,25,0
3,1,26,0
3,1,27,0
3,1,28,0
3,1,29,0
3,1,30,0
3,1,31,0
3,1,32,0
3,1,33,0
3,1,34,1
3,1,35,0
3,1,36,0
3,1,37,0
3,1,38,0
3,1,39,0
3,1,40,0
3,1,41,0
3,1,42,0
3,1,43,0
3,1,44,0
3,1,45,0
3,1,46,0
3,1,47,0
3,1,48,0
3,1,49,0
3,1,50,0
3,1,51,0
3,1,52,0
3,1,53,0
3,1,54,1
3,1,55,0
3,1,56,0
3,1,57,0
3,1,58,0
3,1,59,0
3,1,60,0
3,1,61,1
3,1,62,0
3,1,63,0
3,1,64,0
3,1,65,0
3,1,66,0
3,1,67,0
3,1,68,1
3,1,69,0
3,1,70,0
3,2,1,0
3,2,2,0
3,2,3,0
3,2,4,0
3,2,5,0
3,2,6,0
3,2,7,0
3,2,8,0
3,2,9,0
3,2,10,0
3,2,11,0
3,2,12,0
3,2,13,0
3,2,14,0
3,2,15,0
3,2,16,0
3,2,17,1
3,2,18,0
3,2,19,1
3,2,20,0
3,2,21,0
3,2,22,0
3,2,23,0
3,2,24,0
3,2,25,0
3,2,26,0
3,2,27,0
3,2,28,0
3,2,29,1
3,2,30,0
3,2,31,0
3,2,32,1
3,2,33,0
3,2,34,1
3,2,35,0
3,2,36,0
3,2,37,0
3,2,38,0
3,2,39,0
3,2,40,0
3,2,41,0
3,2,42,0
3,2,43,0
3,2,44,0
3,2,45,0
3,2,46,0
3,2,47,0
3,2,48,0
3,2,49,1
3,2,50,0
3,2,51,0
3,2,52,1
3,2,53,0
3,2,54,1
3,2,55,0
3,2,56,0
3,2,57,0
3,2,58,0
3,2,59,0
3,2,60,0
3,2,61,1
3,2,62,0
3,2,63,0
3,2,64,0
3,2,65,0
3,2,66,0
3,2,67,0
3,2,68,1
3,2,69,0
3,2,70,0
3,3,1,0
3,3,2,0
3,3,3,0
3,3,4,0
3,3,5,0
3,3,6,0
3,3,7,0
3,3,8,0
3,3,9,0
3,3,10,0
3,3,11,0
3,3,12,0
3,3,13,0
3,3,14,0
3,3,15,0
3,3,16,0
3,3,17,0
3,3,18,0
3,3,19,0
3,3,20,0
3,3,21,0
3,3,22,0
3,3,23,0
3,3,24,1
3,3,25,0
3,3,26,0
3,3,27,0
3,3,28,0
3,3,29,0
3,3,30,0
3,3,31,0
3,3,32,0
3,3,33,0
3,3,34,0
3,3,35,0
3,3,36,0
3,3,37,0
3,3,38,0
3,3,39,0
3,3,40,0
3,3,41,0
3,3,42,0
3,3,43,0
3,3,44,0
3,3,45,0
3,3,46,0
3,3,47,0
3,3,48,0
3,3,49,0
3,3,50,0
3,3,51,0
3,3,52,0
3,3,53,0
3,3,54,0
3,3,55,0
3,3,56,0
3,3,57,0
3,3,58,0
3,3,59,0
3,3,60,0
3,3,61,0
3,3,62,0
3,3,63,0
3,3,64,0
3,3,65,0
3,3,66,0
3,3,67,0
3,3,68,0
3,3,69,0
3,3,70,0
3,10,1,0
3,10,2,0
3,10,3,0
3,10,4,0
3,10,5,0
3,10,6,0
3,10,7,0
3,10,8,0
3,10,9,0
3,10,10,0
3,10,11,0
3,10,12,0
3,10,13,0
3,10,14,0
3,10,15,0
3,10,16,0
3,10,17,0
3,10,18,0
3,10,19,0
3,10,20,0
3,10,21,0
3,10,22,0
3,10,23,0
3,10,24,0
3,10,25,0
3,10,26,0
3,10,27,0
3,10,28,0
3,10,29,0
3,10,30,0
3,10,31,0
3,10,32,0
3,10,33,0
3,10,34,0
3,10,35,0
3,10,36,0
3,10,37,0
3,10,38,0
3,10,39,0
3,10,40,0
3,10,41,0
3,10,42,0
3,10,43,0
3,10,44,0
3,10,45,0
3,10,46,0
3,10,47,0
3,10,48,0
3,10,49,0
3,10,50,0
3,10,51,0
3,10,52,0
3,10,53,0
3,10,54,0
3,10,55,0
3,10,56,0
3,10,57,0
3,10,58,0
3,10,59,0
3,10,60,0
3,10,61,0
3,10,62,0
3,10,63,0
3,10,64,0
3,10,65,0
3,10,66,0
3,10,67,0
3,10,68,0
3,10,69,0
3,10,70,0
3,11,1,0
3,11,2,0
3,11,3,0
3,11,4,0
3,11,5,0
3,11,6,0
3,11,7,0
3,11,8,0
3,11,9,0
3,11,10,0
3,11,11,0
3,11,12,0
3,11,13,0
3,11,14,0
3,11,15,0
3,11,16,0
3,11,17,0
3,11,18,0
3,11,19,0
3,11,20,0
3,11,21,0
3,11,22,0
3,11,23,0
3,11,24,0
3,11,25,0
3,11,26,0
3,11,27,0
3,11,28,0
3,11,29,0
3,11,30,0
3,11,31,0
3,11,32,0
3,11,33,0
3,11,34,0
3,11,35,0
3,11,36,0
3,11,37,0
3,11,38,0
3,11,39,0
3,11,40,0
3,11,41,0
3,11,42,0
3,11,43,0
3,11,44,0
3,11,45,0
3,11,46,0
3,11,47,0
3,11,48,0
3,11,49,0
3,11,50,0
3,11,51,0
3,11,52,0
3,11,53,0
3,11,54,0
3,11,55,0
3,11,56,0
3,11,57,0
3,11,58,0
3,11,59,0
3,11,60,0
3,11,61,0
3,11,62,0
3,11,63,0
3,11,64,0
3,11,65,0
3,11,66,0
3,11,67,0
3,11,68,0
3,11,69,0
3,11,70,0
3,12,1,0
3,12,2,0
3,12,3,0
3,12,4,0
3,12,5,0
3,12,6,0
3,12,7,0
3,12,8,0
3,12,9,0
3,12,10,0
3,12,11,0
3,12,12,0
3,12,13,0
3,12,14,0
3,12,15,0
3,12,16,0
3,12,17,0
3,12,18,0
3,12,19,0
3,12,20,0
3,12,21,0
3,12,22,0
3,12,23,0
3,12,24,0
3,12,25,0
3,12,26,0
3,12,27,0
3,12,28,0
3,12,29,0
3,12,30,0
3,12,31,0
3,12,32,0
3,12,33,0
3,12,34,0
3,12,35,0
3,12,36,0
3,12,37,0
3,12,38,0
3,12,39,0
3,12,40,0
3,12,41,0
3,12,42,0
3,12,43,0
3,12,44,0
3,12,45,0
3,12,46,0
3,12,47,0
3,12,48,0
3,12,49,0
3,12,50,0
3,12,51,0
3,12,52,0
3,12,53,0
3,12,54,0
3,12,55,0
3,12,56,0
3,12,57,0
3,12,58,0
3,12,59,0
3,12,60,0
3,12,61,0
3,12,62,0
3,12,63,0
3,12,64,0
3,12,65,0
3,12,66,0
3,12,67,0
3,12,68,0
3,12,69,0
3,12,70,0
3,13,1,0
3,13,2,0
3,13,3,0
3,13,4,0
3,13,5,0
3,13,6,0
3,13,7,0
3,13,8,0
3,13,9,0
3,13,10,0
3,13,11,0
3,13,12,0
3,13,13,0
3,13,14,0
3,13,15,0
3,13,16,0
3,13,17,0
3,13,18,0
3,13,19,0
3,13,20,0
3,13,21,0
3,13,22,0
3,13,23,0
3,13,24,0
3,13,25,0
3,13,26,0
3,13,27,0
3,13,28,0
3,13,29,0
3,13,30,0
3,13,31,0
3,13,32,0
3,13,33,0
3,13,34,0
3,13,35,0
3,13,36,0
3,13,37,0
3,13,38,0
3,13,39,0
3,13,40,0
3,13,41,0
3,13,42,0
3,13,43,0
3,13,44,0
3,13,45,0
3,13,46,0
3,13,47,0
3,13,48,0
3,13,49,0
3,13,50,0
3,13,51,0
3,13,52,0
3,13,53,0
3,13,54,0
3,13,55,0
3,13,56,0
3,13,57,0
3,13,58,0
3,13,59,0
3,13,60,0
3,13,61,0
3,13,62,0
3,13,63,0
3,13,64,0
3,13,65,0
3,13,66,0
3,13,67,0
3,13,68,0
3,13,69,0
3,13,70,0
3,14,1,0
3,14,2,0
3,14,3,0
3,14,4,0
3,14,5,0
3,14,6,0
3,14,7,0
3,14,8,0
3,14,9,0
3,14,10,0
3,14,11,0
3,14,12,0
3,14,13,0
3,14,14,0
3,14,15,0
3,14,16,0
3,14,17,0
3,14,18,0
3,14,19,0
3,14,20,0
3,14,21,0
3,14,22,0
3,14,23,0
3,14,24,0
3,14,25,0
3,14,26,0
3,14,27,0
3,14,28,0
3,14,29,0
3,14,30,0
3,14,31,0
3,14,32,0
3,14,33,0
3,14,34,0
3,14,35,0
3,14,36,0
3,14,37,0
3,14,38,0
3,14,39,0
3,14,40,0
3,14,41,0
3,14,42,0
3,14,43,0
3,14,44,0
3,14,45,0
3,14,46,0
3,14,47,0
3,14,48,0
3,14,49,0
3,14,50,0
3,14,51,0
3,14,52,0
3,14,53,0
3,14,54,0
3,14,55,0
3,14,56,0
3,14,57,0
3,14,58,0
3,14,59,0
3,14,60,0
3,14,61,0
3,14,62,0
3,14,63,0
3,14,64,0
3,14,65,0
3,14,66,0
3,14,67,0
3,14,68,0
3,14,69,0
3,14,70,0
3,15,1,0
3,15,2,0
3,15,3,0
3,15,4,0
3,15,5,0
3,15,6,0
3,15,7,0
3,15,8,0
3,15,9,0
3,15,10,0
3,15,11,0
3,15,12,0
3,15,13,0
3,15,14,0
3,15,15,0
3,15,16,0
3,15,17,0
3,15,18,0
3,15,19,0
3,15,20,0
3,15,21,0
3,15,22,0
3,15,23,0
3,15,24,0
3,15,25,1
3,15,26,1
3,15,27,1
3,15,28,1
3,15,29,0
3,15,30,0
3,15,31,1
3,15,32,1
3,15,33,1
3,15,34,1
3,15,35,1
3,15,36,0
3,15,37,0
3,15,38,0
3,15,39,0
3,15,40,1
3,15,41,0
3,15,42,0
3,15,43,0
3,15,44,0
3,15,45,0
3,15,46,0
3,15,47,0
3,15,48,0
3,15,49,0
3,15,50,0
3,15,51,0
3,15,52,0
3,15,53,0
3,15,54,0
3,15,55,0
3,15,56,0
3,15,57,0
3,15,58,0
3,15,59,0
3,15,60,0
3,15,61,0
3,15,62,0
3,15,63,0
3,15,64,0
3,15,65,0
3,15,66,0
3,15,67,0
3,15,68,0
3,15,69,0
3,15,70,0
3,20,1,0
3,20,2,0
3,20,3,0
3,20,4,0
3,20,5,0
3,20,6,0
3,20,7,0
3,20,8,0
3,20,9,0
3,20,10,0
3,20,11,0
3,20,12,0
3,20,13,0
3,20,14,0
3,20,15,0
3,20,16,0
3,20,17,0
3,20,18,0
3,20,19,0
3,20,20,0
3,20,21,0
3,20,22,0
3,20,23,0
3,20,24,0
3,20,25,0
3,20,26,0
3,20,27,0
3,20,28,0
3,20,29,0
3,20,30,0
3,20,31,0
3,20,32,0
3,20,33,0
3,20,34,0
3,20,35,0
3,20,36,0
3,20,37,0
3,20,38,0
3,20,39,0
3,20,40,0
3,20,41,0
3,20,42,0
3,20,43,0
3,20,44,0
3,20,45,0
3,20,46,0
3,20,47,0
3,20,48,0
3,20,49,0
3,20,50,0
3,20,51,0
3,20,52,0
3,20,53,0
3,20,54,0
3,20,55,0
3,20,56,0
3,20,57,0
3,20,58,0
3,20,59,0
3,20,60,0
3,20,61,0
3,20,62,0
3,20,63,0
3,20,64,0
3,20,65,0
3,20,66,0
3,20,67,0
3,20,68,0
3,20,69,1
3,20,70,0
3,21,1,0
3,21,2,0
3,21,3,1
3,21,4,0
3,21,5,0
3,21,6,0
3,21,7,0
3,21,8,0
3,21,9,0
3,21,10,0
3,21,11,0
3,21,12,0
3,21,13,0
3,21,14,0
3,21,15,0
3,21,16,0
3,21,17,0
3,21,18,1
3,21,19,0
3,21,20,0
3,21,21,0
3,21,22,0
3,21,23,0
3,21,24,0
3,21,25,0
3,21,26,0
3,21,27,0
3,21,28,0
3,21,29,0
3,21,30,0
3,21,31,0
3,21,32,0
3,21,33,0
3,21,34,0
3,21,35,0
3,21,36,0
3,21,37,0
3,21,38,0
3,21,39,0
3,21,40,0
3,21,41,0
3,21,42,0
3,21,43,0
3,21,44,0
3,21,45,0
3,21,46,0
3,21,47,1
3,21,48,0
3,21,49,0
3,21,50,0
3,21,51,0
3,21,52,0
3,21,53,1
3,21,54,0
3,21,55,0
3,21,56,0
3,21,57,0
3,21,58,0
3,21,59,0
3,21,60,1
3,21,61,0
3,21,62,1
3,21,63,0
3,21,64,0
3,21,65,0
3,21,66,0
3,21,67,0
3,21,68,0
3,21,69,0
3,21,70,0
4,1,1,0
4,1,2,0
4,1,3,0
4,1,4,0
4,1,5,0
4,1,6,0
4,1,7,0
4,1,8,0
4,1,9,0
4,1,10,0
4,1,11,0
4,1,12,0
4,1,13,0
4,1,14,0
4,1,15,0
4,1,16,0
4,1,17,0
4,1,18,0
4,1,19,0
4,1,20,0
4,1,21,0
4,1,22,0
4,1,23,0
4,1,24,0
4,1,25,0
4,1,26,0
4,1,27,0
4,1,28,0
4,1,29,0
4,1,30,0
4,1,31,0
4,1,32,0
4,1,33,0
4,1,34,0
4,1,35,0
4,1,36,0
4,1,37,0
4,1,38,0
4,1,39,0
4,1,40,0
4,1,41,0
4,1,42,0
4,1,43,0
4,1,44,0
4,1,45,0
4,1,46,0
4,1,47,0
4,1,48,0
4,1,49,0
4,1,50,0
4,1,51,0
4,1,52,0
4,1,53,0
4,1,54,0
4,1,55,0
4,1,56,0
4,1,57,0
4,1,58,0
4,1,59,0
4,1,60,0
4,1,61,0
4,1,62,0
4,1,63,0
4,1,64,0
4,1,65,0
4,1,66,0
4,1,67,0
4,1,68,0
4,1,69,0
4,1,70,0
4,2,1,0
4,2,2,1
4,2,3,0
4,2,4,0
4,2,5,0
4,2,6,0
4,2,7,0
4,2,8,0
4,2,9,0
4,2,10,0
4,2,11,0
4,2,12,0
4,2,13,0
4,2,14,0
4,2,15,1
4,2,16,1
4,2,17,0
4,2,18,0
4,2,19,0
4,2,20,0
4,2,21,0
4,2,22,1
4,2,23,0
4,2,24,0
4,2,25,0
4,2,26,0
4,2,27,0
4,2,28,0
4,2,29,0
4,2,30,0
4,2,31,1
4,2,32,1
4,2,33,0
4,2,34,0
4,2,35,1
4,2,36,0
4,2,37,0
4,2,38,0
4,2,39,0
4,2,40,0
4,2,41,0
4,2,42,0
4,2,43,0
4,2,44,0
4,2,45,0
4,2,46,0
4,2,47,0
4,2,48,0
4,2,49,0
4,2,50,0
4,2,51,1
4,2,52,0
4,2,53,0
4,2,54,1
4,2,55,0
4,2,56,0
4,2,57,0
4,2,58,0
4,2,59,0
4,2,60,0
4,2,61,1
4,2,62,0
4,2,63,0
4,2,64,0
4,2,65,0
4,2,66,1
4,2,67,1
4,2,68,0
4,2,69,1
4,2,70,0
4,3,1,0
4,3,2,0
4,3,3,0
4,3,4,0
4,3,5,0
4,3,6,1
4,3,7,0
4,3,8,0
4,3,9,0
4,3,10,0
4,3,11,0
4,3,12,0
4,3,13,0
4,3,14,0
4,3,15,0
4,3,16,0
4,3,17,0
4,3,18,0
4,3,19,0
4,3,20,0
4,3,21,0
4,3,22,0
4,3,23,0
4,3,24,0
4,3,25,0
4,3,26,0
4,3,27,0
4,3,28,0
4,3,29,0
4,3,30,0
4,3,31,0
4,3,32,0
4,3,33,0
4,3,34,0
4,3,35,0
4,3,36,0
4,3,37,0
4,3,38,0
4,3,39,0
4,3,40,0
4,3,41,0
4,3,42,0
4,3,43,0
4,3,44,0
4,3,45,0
4,3,46,0
4,3,47,0
4,3,48,0
4,3,49,0
4,3,50,0
4,3,51,0
4,3,52,0
4,3,53,0
4,3,54,1
4,3,55,0
4,3,56,0
4,3,57,0
4,3,58,0
4,3,59,0
4,3,60,0
4,3,61,0
4,3,62,0
4,3,63,0
4,3,64,0
4,3,65,0
4,3,66,0
4,3,67,0
4,3,68,0
4,3,69,0
4,3,70,0
4,10,1,0
4,10,2,0
4,10,3,0
4,10,4,0
4,10,5,0
4,10,6,0
4,10,7,0
4,10,8,0
4,10,9,0
4,10,10,0
4,10,11,0
4,10,12,0
4,10,13,0
4,10,14,0
4,10,15,0
4,10,16,0
4,10,17,0
4,10,18,0
4,10,19,0
4,10,20,0
4,10,21,0
4,10,22,0
4,10,23,0
4,10,24,0
4,10,25,0
4,10,26,0
4,10,27,0
4,10,28,0
4,10,29,0
4,10,30,0
4,10,31,0
4,10,32,0
4,10,33,0
4,10,34,0
4,10,35,0
4,10,36,0
4,10,37,0
4,10,38,0
4,10,39,0
4,10,40,0
4,10,41,0
4,10,42,0
4,10,43,0
4,10,44,0
4,10,45,0
4,10,46,0
4,10,47,0
4,10,48,0
4,10,49,0
4,10,50,0
4,10,51,0
4,10,52,0
4,10,53,0
4,10,54,0
4,10,55,0
4,10,56,0
4,10,57,0
4,10,58,0
4,10,59,0
4,10,60,0
4,10,61,0
4,10,62,0
4,10,63,0
4,10,64,0
4,10,65,0
4,10,66,0
4,10,67,0
4,10,68,0
4,10,69,0
4,10,70,0
4,11,1,0
4,11,2,0
4,11,3,0
4,11,4,0
4,11,5,0
4,11,6,0
4,11,7,0
4,11,8,0
4,11,9,0
4,11,10,0
4,11,11,0
4,11,12,0
4,11,13,0
4,11,14,0
4,11,15,0
4,11,16,0
4,11,17,0
4,11,18,0
4,11,19,0
4,11,20,0
4,11,21,0
4,11,22,0
4,11,23,0
4,11,24,0
4,11,25,0
4,11,26,0
4,11,27,0
4,11,28,0
4,11,29,0
4,11,30,0
4,11,31,0
4,11,32,0
4,11,33,0
4,11,34,0
4,11,35,0
4,11,36,0
4,11,37,0
4,11,38,0
4,11,39,0
4,11,40,0
4,11,41,0
4,11,42,0
4,11,43,0
4,11,44,0
4,11,45,0
4,11,46,0
4,11,47,0
4,11,48,0
4,11,49,0
4,11,50,0
4,11,51,0
4,11,52,0
4,11,53,0
4,11,54,0
4,11,55,0
4,11,56,0
4,11,57,0
4,11,58,0
4,11,59,0
4,11,60,0
4,11,61,0
4,11,62,0
4,11,63,0
4,11,64,0
4,11,65,0
4,11,66,0
4,11,67,0
4,11,68,0
4,11,69,0
4,11,70,0
4,12,1,0
4,12,2,0
4,12,3,0
4,12,4,0
4,12,5,0
4,12,6,0
4,12,7,0
4,12,8,0
4,12,9,0
4,12,10,0
4,12,11,0
4,12,12,0
4,12,13,0
4,12,14,0
4,12,15,0
4,12,16,0
4,12,17,0
4,12,18,0
4,12,19,0
4,12,20,0
4,12,21,0
4,12,22,0
4,12,23,0
4,12,24,0
4,12,25,0
4,12,26,0
4,12,27,0
4,12,28,0
4,12,29,0
4,12,30,0
4,12,31,0
4,12,32,0
4,12,33,0
4,12,34,0
4,12,35,0
4,12,36,0
4,12,37,0
4,12,38,0
4,12,39,0
4,12,40,0
4,12,41,0
4,12,42,0
4,12,43,0
4,12,44,0
4,12,45,0
4,12,46,0
4,12,47,0
4,12,48,0
4,12,49,0
4,12,50,0
4,12,51,0
4,12,52,0
4,12,53,0
4,12,54,0
4,12,55,0
4,12,56,0
4,12,57,0
4,12,58,0
4,12,59,0
4,12,60,0
4,12,61,0
4,12,62,0
4,12,63,0
4,12,64,0
4,12,65,0
4,12,66,0
4,12,67,0
4,12,68,0
4,12,69,0
4,12,70,0
4,13,1,0
4,13,2,0
4,13,3,0
4,13,4,0
4,13,5,0
4,13,6,0
4,13,7,0
4,13,8,0
4,13,9,0
4,13,10,0
4,13,11,0
4,13,12,0
4,13,13,0
4,13,14,0
4,13,15,0
4,13,16,0
4,13,17,0
4,13,18,0
4,13,19,0
4,13,20,0
4,13,21,0
4,13,22,0
4,13,23,0
4,13,24,0
4,13,25,0
4,13,26,0
4,13,27,0
4,13,28,0
4,13,29,0
4,13,30,0
4,13,31,0
4,13,32,0
4,13,33,0
4,13,34,0
4,13,35,0
4,13,36,0
4,13,37,0
4,13,38,0
4,13,39,0
4,13,40,0
4,13,41,0
4,13,42,0
4,13,43,0
4,13,44,0
4,13,45,0
4,13,46,0
4,13,47,0
4,13,48,0
4,13,49,0
4,13,50,0
4,13,51,0
4,13,52,0
4,13,53,0
4,13,54,0
4,13,55,0
4,13,56,0
4,13,57,0
4,13,58,0
4,13,59,0
4,13,60,0
4,13,61,0
4,13,62,0
4,13,63,0
4,13,64,0
4,13,65,0
4,13,66,0
4,13,67,0
4,13,68,0
4,13,69,0
4,13,70,0
4,14,1,0
4,14,2,0
4,14,3,0
4,14,4,0
4,14,5,0
4,14,6,0
4,14,7,0
4,14,8,0
4,14,9,0
4,14,10,0
4,14,11,0
4,14,12,0
4,14,13,0
4,14,14,0
4,14,15,0
4,14,16,0
4,14,17,0
4,14,18,0
4,14,19,0
4,14,20,0
4,14,21,0
4,14,22,0
4,14,23,0
4,14,24,0
4,14,25,0
4,14,26,0
4,14,27,0
4,14,28,0
4,14,29,0
4,14,30,0
4,14,31,0
4,14,32,0
4,14,33,0
4,14,34,0
4,14,35,0
4,14,36,0
4,14,37,0
4,14,38,0
4,14,39,0
4,14,40,0
4,14,41,0
4,14,42,0
4,14,43,0
4,14,44,0
4,14,45,0
4,14,46,0
4,14,47,0
4,14,48,0
4,14,49,0
4,14,50,0
4,14,51,0
4,14,52,0
4,14,53,0
4,14,54,0
4,14,55,0
4,14,56,0
4,14,57,0
4,14,58,0
4,14,59,0
4,14,60,0
4,14,61,0
4,14,62,0
4,14,63,0
4,14,64,0
4,14,65,0
4,14,66,0
4,14,67,0
4,14,68,0
4,14,69,0
4,14,70,0
4,15,1,0
4,15,2,0
4,15,3,0
4,15,4,0
4,15,5,0
4,15,6,0
4,15,7,0
4,15,8,0
4,15,9,0
4,15,10,0
4,15,11,0
4,15,12,0
4,15,13,0
4,15,14,0
4,15,15,0
4,15,16,0
4,15,17,0
4,15,18,0
4,15,19,0
4,15,20,0
4,15,21,0
4,15,22,0
4,15,23,1
4,15,24,0
4,15,25,0
4,15,26,0
4,15,27,0
4,15,28,0
4,15,29,1
4,15,30,0
4,15,31,0
4,15,32,0
4,15,33,0
4,15,34,0
4,15,35,0
4,15,36,0
4,15,37,0
4,15,38,0
4,15,39,0
4,15,40,0
4,15,41,0
4,15,42,0
4,15,43,0
4,15,44,0
4,15,45,0
4,15,46,0
4,15,47,0
4,15,48,0
4,15,49,0
4,15,50,0
4,15,51,0
4,15,52,1
4,15,53,1
4,15,54,1
4,15,55,1
4,15,56,0
4,15,57,0
4,15,58,0
4,15,59,1
4,15,60,0
4,15,61,0
4,15,62,0
4,15,63,0
4,15,64,0
4,15,65,0
4,15,66,0
4,15,67,0
4,15,68,0
4,15,69,0
4,15,70,0
4,20,1,0
4,20,2,0
4,20,3,0
4,20,4,0
4,20,5,0
4,20,6,0
4,20,7,0
4,20,8,0
4,20,9,0
4,20,10,0
4,20,11,0
4,20,12,0
4,20,13,0
4,20,14,0
4,20,15,0
4,20,16,0
4,20,17,0
4,20,18,0
4,20,19,0
4,20,20,0
4,20,21,0
4,20,22,0
4,20,23,0
4,20,24,0
4,20,25,0
4,20,26,0
4,20,27,0
4,20,28,0
4,20,29,0
4,20,30,0
4,20,31,0
4,20,32,0
4,20,33,0
4,20,34,0
4,20,35,0
4,20,36,0
4,20,37,0
4,20,38,0
4,20,39,0
4,20,40,0
4,20,41,0
4,20,42,0
4,20,43,0
4,20,44,0
4,20,45,0
4,20,46,0
4,20,47,0
4,20,48,0
4,20,49,0
4,20,50,0
4,20,51,0
4,20,52,0
4,20,53,0
4,20,54,0
4,20,55,0
4,20,56,0
4,20,57,0
4,20,58,0
4,20,59,0
4,20,60,0
4,20,61,0
4,20,62,0
4,20,63,0
4,20,64,0
4,20,65,0
4,20,66,0
4,20,67,0
4,20,68,1
4,20,69,0
4,20,70,0
4,21,1,0
4,21,2,0
4,21,3,0
4,21,4,0
4,21,5,0
4,21,6,0
4,21,7,0
4,21,8,0
4,21,9,0
4,21,10,0
4,21,11,0
4,21,12,0
4,21,13,0
4,21,14,1
4,21,15,0
4,21,16,0
4,21,17,0
4,21,18,0
4,21,19,0
4,21,20,0
4,21,21,0
4,21,22,0
4,21,23,0
4,21,24,0
4,21,25,0
4,21,26,0
4,21,27,0
4,21,28,0
4,21,29,1
4,21,30,0
4,21,31,0
4,21,32,0
4,21,33,0
4,21,34,0
4,21,35,0
4,21,36,1
4,21,37,0
4,21,38,0
4,21,39,0
4,21,40,0
4,21,41,0
4,21,42,0
4,21,43,1
4,21,44,0
4,21,45,0
4,21,46,0
4,21,47,0
4,21,48,0
4,21,49,0
4,21,50,0
4,21,51,0
4,21,52,0
4,21,53,0
4,21,54,0
4,21,55,0
4,21,56,0
4,21,57,0
4,21,58,0
4,21,59,1
4,21,60,0
4,21,61,0
4,21,62,0
4,21,63,0
4,21,64,0
4,21,65,1
4,21,66,0
4,21,67,0
4,21,68,0
4,21,69,0
4,21,70,0
5,1,1,0
5,1,2,0
5,1,3,0
5,1,4,0
5,1,5,0
5,1,6,0
5,1,7,0
5,1,8,0
5,1,9,0
5,1,10,0
5,1,11,0
5,1,12,0
5,1,13,0
5,1,14,0
5,1,15,0
5,1,16,0
5,1,17,0
5,1,18,0
5,1,19,0
5,1,20,1
5,1,21,0
5,1,22,0
5,1,23,0
5,1,24,0
5,1,25,0
5,1,26,0
5,1,27,0
5,1,28,0
5,1,29,0
5,1,30,0
5,1,31,0
5,1,32,0
5,1,33,0
5,1,34,0
5,1,35,0
5,1,36,0
5,1,37,0
5,1,38,0
5,1,39,0
5,1,40,0
5,1,41,0
5,1,42,0
5,1,43,0
5,1,44,0
5,1,45,0
5,1,46,0
5,1,47,0
5,1,48,0
5,1,49,0
5,1,50,0
5,1,51,0
5,1,52,0
5,1,53,0
5,1,54,0
5,1,55,0
5,1,56,0
5,1,57,0
5,1,58,0
5,1,59,0
5,1,60,0
5,1,61,0
5,1,62,0
5,1,63,0
5,1,64,0
5,1,65,0
5,1,66,0
5,1,67,0
5,1,68,0
5,1,69,0
5,1,70,0
5,2,1,0
5,2,2,0
5,2,3,0
5,2,4,0
5,2,5,0
5,2,6,0
5,2,7,0
5,2,8,0
5,2,9,0
5,2,10,1
5,2,11,0
5,2,12,0
5,2,13,0
5,2,14,0
5,2,15,0
5,2,16,0
5,2,17,0
5,2,18,1
5,2,19,0
5,2,20,0
5,2,21,0
5,2,22,0
5,2,23,1
5,2,24,1
5,2,25,0
5,2,26,1
5,2,27,0
5,2,28,0
5,2,29,0
5,2,30,1
5,2,31,1
5,2,32,0
5,2,33,0
5,2,34,0
5,2,35,0
5,2,36,0
5,2,37,0
5,2,38,0
5,2,39,0
5,2,40,0
5,2,41,0
5,2,42,0
5,2,43,1
5,2,44,0
5,2,45,1
5,2,46,0
5,2,47,1
5,2,48,1
5,2,49,0
5,2,50,0
5,2,51,0
5,2,52,0
5,2,53,0
5,2,54,0
5,2,55,1
5,2,56,0
5,2,57,0
5,2,58,0
5,2,59,0
5,2,60,1
5,2,61,0
5,2,62,0
5,2,63,0
5,2,64,0
5,2,65,0
5,2,66,0
5,2,67,1
5,2,68,1
5,2,69,0
5,2,70,0
5,3,1,0
5,3,2,0
5,3,3,0
5,3,4,0
5,3,5,0
5,3,6,0
5,3,7,0
5,3,8,0
5,3,9,0
5,3,10,0
5,3,11,0
5,3,12,0
5,3,13,0
5,3,14,0
5,3,15,0
5,3,16,0
5,3,17,0
5,3,18,0
5,3,19,0
5,3,20,0
5,3,21,0
5,3,22,0
5,3,23,0
5,3,24,0
5,3,25,0
5,3,26,0
5,3,27,0
5,3,28,0
5,3,29,0
5,3,30,0
5,3,31,0
5,3,32,0
5,3,33,0
5,3,34,0
5,3,35,0
5,3,36,0
5,3,37,0
5,3,38,0
5,3,39,0
5,3,40,0
5,3,41,0
5,3,42,0
5,3,43,0
5,3,44,0
5,3,45,0
5,3,46,0
5,3,47,0
5,3,48,0
5,3,49,0
5,3,50,0
5,3,51,0
5,3,52,0
5,3,53,0
5,3,54,0
5,3,55,0
5,3,56,0
5,3,57,0
5,3,58,0
5,3,59,0
5,3,60,0
5,3,61,0
5,3,62,0
5,3,63,0
5,3,64,0
5,3,65,0
5,3,66,0
5,3,67,0
5,3,68,0
5,3,69,0
5,3,70,0
5,10,1,0
5,10,2,0
5,10,3,0
5,10,4,0
5,10,5,0
5,10,6,0
5,10,7,0
5,10,8,0
5,10,9,0
5,10,10,0
5,10,11,0
5,10,12,0
5,10,13,0
5,10,14,0
5,10,15,0
5,10,16,0
5,10,17,0
5,10,18,0
5,10,19,0
5,10,20,0
5,10,21,0
5,10,22,0
5,10,23,0
5,10,24,0
5,10,25,0
5,10,26,0
5,10,27,0
5,10,28,0
5,10,29,0
5,10,30,0
5,10,31,0
5,10,32,0
5,10,33,0
5,10,34,0
5,10,35,0
5,10,36,0
5,10,37,0
5,10,38,0
5,10,39,0
5,10,40,0
5,10,41,0
5,10,42,0
5,10,43,0
5,10,44,0
5,10,45,0
5,10,46,0
5,10,47,0
5,10,48,0
5,10,49,0
5,10,50,0
5,10,51,0
5,10,52,0
5,10,53,0
5,10,54,0
5,10,55,0
5,10,56,0
5,10,57,0
5,10,58,0
5,10,59,0
5,10,60,0
5,10,61,0
5,10,62,0
5,10,63,0
5,10,64,0
5,10,65,0
5,10,66,0
5,10,67,0
5,10,68,0
5,10,69,0
5,10,70,0
5,11,1,0
5,11,2,0
5,11,3,0
5,11,4,0
5,11,5,0
5,11,6,0
5,11,7,0
5,11,8,0
5,11,9,0
5,11,10,0
5,11,11,0
5,11,12,0
5,11,13,0
5,11,14,0
5,11,15,0
5,11,16,0
5,11,17,0
5,11,18,0
5,11,19,0
5,11,20,0
5,11,21,0
5,11,22,0
5,11,23,0
5,11,24,0
5,11,25,0
5,11,26,0
5,11,27,0
5,11,28,0
5,11,29,0
5,11,30,0
5,11,31,0
5,11,32,0
5,11,33,0
5,11,34,0
5,11,35,0
5,11,36,0
5,11,37,0
5,11,38,0
5,11,39,0
5,11,40,0
5,11,41,0
5,11,42,0
5,11,43,0
5,11,44,0
5,11,45,0
5,11,46,0
5,11,47,0
5,11,48,0
5,11,49,0
5,11,50,0
5,11,51,0
5,11,52,0
5,11,53,0
5,11,54,0
5,11,55,0
5,11,56,0
5,11,57,0
5,11,58,0
5,11,59,0
5,11,60,0
5,11,61,0
5,11,62,0
5,11,63,0
5,11,64,0
5,11,65,0
5,11,66,0
5,11,67,0
5,11,68,0
5,11,69,0
5,11,70,0
5,12,1,0
5,12,2,0
5,12,3,0
5,12,4,0
5,12,5,0
5,12,6,0
5,12,7,0
5,12,8,0
5,12,9,0
5,12,10,0
5,12,11,0
5,12,12,0
5,12,13,0
5,12,14,0
5,12,15,0
5,12,16,0
5,12,17,0
5,12,18,0
5,12,19,0
5,12,20,0
5,12,21,0
5,12,22,0
5,12,23,0
5,12,24,0
5,12,25,0
5,12,26,0
5,12,27,0
5,12,28,0
5,12,29,0
5,12,30,0
5,12,31,0
5,12,32,0
5,12,33,0
5,12,34,0
5,12,35,0
5,12,36,0
5,12,37,0
5,12,38,0
5,12,39,0
5,12,40,0
5,12,41,0
5,12,42,0
5,12,43,0
5,12,44,0
5,12,45,0
5,12,46,0
5,12,47,0
5,12,48,0
5,12,49,0
5,12,50,0
5,12,51,0
5,12,52,0
5,12,53,0
5,12,54,0
5,12,55,0
5,12,56,0
5,12,57,0
5,12,58,0
5,12,59,0
5,12,60,0
5,12,61,0
5,12,62,0
5,12,63,0
5,12,64,0
5,12,65,0
5,12,66,0
5,12,67,0
5,12,68,0
5,12,69,0
5,12,70,0
5,13,1,0
5,13,2,0
5,13,3,0
5,13,4,0
5,13,5,0
5,13,6,0
5,13,7,0
5,13,8,0
5,13,9,0
5,13,10,0
5,13,11,0
5,13,12,0
5,13,13,0
5,13,14,0
5,13,15,0
5,13,16,0
5,13,17,0
5,13,18,0
5,13,19,0
5,13,20,0
5,13,21,0
5,13,22,0
5,13,23,0
5,13,24,0
5,13,25,0
5,13,26,0
5,13,27,0
5,13,28,0
5,13,29,0
5,13,30,0
5,13,31,0
5,13,32,0
5,13,33,0
5,13,34,0
5,13,35,0
5,13,36,0
5,13,37,0
5,13,38,0
5,13,39,0
5,13,40,0
5,13,41,0
5,13,42,0
5,13,43,0
5,13,44,0
5,13,45,0
5,13,46,0
5,13,47,0
5,13,48,0
5,13,49,0
5,13,50,0
5,13,51,0
5,13,52,0
5,13,53,0
5,13,54,0
5,13,55,0
5,13,56,0
5,13,57,0
5,13,58,0
5,13,59,0
5,13,60,0
5,13,61,0
5,13,62,0
5,13,63,0
5,13,64,0
5,13,65,0
5,13,66,0
5,13,67,0
5,13,68,0
5,13,69,0
5,13,70,0
5,14,1,0
5,14,2,0
5,14,3,0
5,14,4,0
5,14,5,0
5,14,6,0
5,14,7,0
5,14,8,0
5,14,9,0
5,14,10,0
5,14,11,0
5,14,12,0
5,14,13,0
5,14,14,0
5,14,15,0
5,14,16,0
5,14,17,0
5,14,18,0
5,14,19,0
5,14,20,0
5,14,21,0
5,14,22,0
5,14,23,0
5,14,24,0
5,14,25,0
5,14,26,0
5,14,27,0
5,14,28,0
5,14,29,0
5,14,30,0
5,14,31,0
5,14,32,0
5,14,33,0
5,14,34,0
5,14,35,0
5,14,36,0
5,14,37,0
5,14,38,0
5,14,39,0
5,14,40,0
5,14,41,0
5,14,42,0
5,14,43,0
5,14,44,0
5,14,45,0
5,14,46,0
5,14,47,0
5,14,48,0
5,14,49,0
5,14,50,0
5,14,51,0
5,14,52,0
5,14,53,0
5,14,54,0
5,14,55,0
5,14,56,0
5,14,57,0
5,14,58,0
5,14,59,0
5,14,60,0
5,14,61,0
5,14,62,0
5,14,63,0
5,14,64,0
5,14,65,0
5,14,66,0
5,14,67,0
5,14,68,0
5,14,69,0
5,14,70,0
5,15,1,0
5,15,2,0
5,15,3,0
5,15,4,0
5,15,5,0
5,15,6,0
5,15,7,0
5,15,8,0
5,15,9,0
5,15,10,0
5,15,11,0
5,15,12,0
5,15,13,0
5,15,14,0
5,15,15,0
5,15,16,0
5,15,17,0
5,15,18,0
5,15,19,0
5,15,20,0
5,15,21,0
5,15,22,0
5,15,23,0
5,15,24,0
5,15,25,0
5,15,26,0
5,15,27,0
5,15,28,0
5,15,29,0
5,15,30,0
5,15,31,0
5,15,32,0
5,15,33,0
5,15,34,0
5,15,35,0
5,15,36,0
5,15,37,0
5,15,38,0
5,15,39,0
5,15,40,0
5,15,41,0
5,15,42,0
5,15,43,0
5,15,44,1
5,15,45,1
5,15,46,1
5,15,47,0
5,15,48,0
5,15,49,0
5,15,50,0
5,15,51,1
5,15,52,1
5,15,53,0
5,15,54,0
5,15,55,0
5,15,56,0
5,15,57,0
5,15,58,0
5,15,59,0
5,15,60,0
5,15,61,0
5,15,62,0
5,15,63,0
5,15,64,0
5,15,65,0
5,15,66,0
5,15,67,0
5,15,68,0
5,15,69,0
5,15,70,0
5,20,1,0
5,20,2,0
5,20,3,0
5,20,4,0
5,20,5,0
5,20,6,0
5,20,7,0
5,20,8,0
5,20,9,0
5,20,10,0
5,20,11,0
5,20,12,0
5,20,13,0
5,20,14,1
5,20,15,0
5,20,16,0
5,20,17,0
5,20,18,0
5,20,19,0
5,20,20,0
5,20,21,0
5,20,22,0
5,20,23,0
5,20,24,0
5,20,25,0
5,20,26,0
5,20,27,0
5,20,28,0
5,20,29,0
5,20,30,0
5,20,31,0
5,20,32,0
5,20,33,0
5,20,34,0
5,20,35,0
5,20,36,0
5,20,37,0
5,20,38,0
5,20,39,0
5,20,40,0
5,20,41,0
5,20,42,0
5,20,43,0
5,20,44,0
5,20,45,0
5,20,46,0
5,20,47,0
5,20,48,0
5,20,49,0
5,20,50,0
5,20,51,0
5,20,52,0
5,20,53,0
5,20,54,0
5,20,55,0
5,20,56,0
5,20,57,0
5,20,58,0
5,20,59,1
5,20,60,0
5,20,61,0
5,20,62,0
5,20,63,0
5,20,64,0
5,20,65,0
5,20,66,0
5,20,67,0
5,20,68,0
5,20,69,0
5,20,70,0
5,21,1,0
5,21,2,0
5,21,3,0
5,21,4,0
5,21,5,0
5,21,6,1
5,21,7,0
5,21,8,0
5,21,9,0
5,21,10,0
5,21,11,0
5,21,12,0
5,21,13,0
5,21,14,0
5,21,15,0
5,21,16,0
5,21,17,0
5,21,18,0
5,21,19,1
5,21,20,0
5,21,21,0
5,21,22,0
5,21,23,0
5,21,24,0
5,21,25,0
5,21,26,0
5,21,27,0
5,21,28,0
5,21,29,0
5,21,30,0
5,21,31,0
5,21,32,0
5,21,33,0
5,21,34,0
5,21,35,1
5,21,36,0
5,21,37,0
5,21,38,0
5,21,39,0
5,21,40,0
5,21,41,0
5,21,42,0
5,21,43,0
5,21,44,0
5,21,45,0
5,21,46,0
5,21,47,0
5,21,48,0
5,21,49,1
5,21,50,0
5,21,51,0
5,21,52,1
5,21,53,0
5,21,54,0
5,21,55,0
5,21,56,1
5,21,57,0
5,21,58,0
5,21,59,0
5,21,60,0
5,21,61,0
5,21,62,0
5,21,63,0
5,21,64,0
5,21,65,0
5,21,66,0
5,21,67,0
5,21,68,0
5,21,69,1
5,21,70,0
6,1,1,0
6,1,2,0
6,1,3,0
6,1,4,0
6,1,5,0
6,1,6,0
6,1,7,0
6,1,8,0
6,1,9,0
6,1,10,0
6,1,11,0
6,1,12,0
6,1,13,0
6,1,14,0
6,1,15,0
6,1,16,0
6,1,17,0
6,1,18,1
6,1,19,0
6,1,20,0
6,1,21,0
6,1,22,0
6,1,23,0
6,1,24,0
6,1,25,0
6,1,26,0
6,1,27,1
6,1,28,0
6,1,29,0
6,1,30,0
6,1,31,0
6,1,32,0
6,1,33,0
6,1,34,0
6,1,35,0
6,1,36,0
6,1,37,0
6,1,38,0
6,1,39,0
6,1,40,1
6,1,41,0
6,1,42,1
6,1,43,0
6,1,44,0
6,1,45,0
6,1,46,0
6,1,47,0
6,1,48,0
6,1,49,1
6,1,50,0
6,1,51,0
6,1,52,0
6,1,53,0
6,1,54,0
6,1,55,0
6,1,56,0
6,1,57,0
6,1,58,0
6,1,59,0
6,1,60,0
6,1,61,0
6,1,62,0
6,1,63,0
6,1,64,0
6,1,65,0
6,1,66,0
6,1,67,0
6,1,68,0
6,1,69,0
6,1,70,0
6,2,1,0
6,2,2,1
6,2,3,0
6,2,4,0
6,2,5,0
6,2,6,0
6,2,7,0
6,2,8,0
6,2,9,0
6,2,10,0
6,2,11,0
6,2,12,0
6,2,13,0
6,2,14,0
6,2,15,0
6,2,16,0
6,2,17,0
6,2,18,1
6,2,19,0
6,2,20,0
6,2,21,1
6,2,22,0
6,2,23,0
6,2,24,0
6,2,25,0
6,2,26,0
6,2,27,0
6,2,28,0
6,2,29,0
6,2,30,0
6,2,31,0
6,2,32,0
6,2,33,0
6,2,34,0
6,2,35,0
6,2,36,0
6,2,37,0
6,2,38,1
6,2,39,0
6,2,40,0
6,2,41,0
6,2,42,1
6,2,43,0
6,2,44,0
6,2,45,0
6,2,46,1
6,2,47,0
6,2,48,0
6,2,49,1
6,2,50,0
6,2,51,0
6,2,52,0
6,2,53,1
6,2,54,0
6,2,55,0
6,2,56,1
6,2,57,0
6,2,58,0
6,2,59,0
6,2,60,0
6,2,61,1
6,2,62,0
6,2,63,0
6,2,64,1
6,2,65,1
6,2,66,0
6,2,67,0
6,2,68,1
6,2,69,0
6,2,70,0
6,3,1,0
6,3,2,0
6,3,3,0
6,3,4,0
6,3,5,0
6,3,6,0
6,3,7,0
6,3,8,0
6,3,9,0
6,3,10,0
6,3,11,0
6,3,12,0
6,3,13,0
6,3,14,0
6,3,15,0
6,3,16,0
6,3,17,0
6,3,18,0
6,3,19,0
6,3,20,0
6,3,21,0
6,3,22,0
6,3,23,0
6,3,24,0
6,3,25,0
6,3,26,0
6,3,27,0
6,3,28,0
6,3,29,0
6,3,30,0
6,3,31,0
6,3,32,0
6,3,33,0
6,3,34,0
6,3,35,0
6,3,36,0
6,3,37,0
6,3,38,0
6,3,39,0
6,3,40,0
6,3,41,0
6,3,42,0
6,3,43,0
6,3,44,0
6,3,45,0
6,3,46,0
6,3,47,0
6,3,48,0
6,3,49,0
6,3,50,0
6,3,51,0
6,3,52,0
6,3,53,0
6,3,54,0
6,3,55,0
6,3,56,0
6,3,57,0
6,3,58,0
6,3,59,0
6,3,60,0
6,3,61,0
6,3,62,0
6,3,63,0
6,3,64,0
6,3,65,0
6,3,66,0
6,3,67,0
6,3,68,0
6,3,69,0
6,3,70,0
6,10,1,0
6,10,2,0
6,10,3,0
6,10,4,0
6,10,5,0
6,10,6,0
6,10,7,0
6,10,8,0
6,10,9,0
6,10,10,0
6,10,11,0
6,10,12,0
6,10,13,0
6,10,14,0
6,10,15,0
6,10,16,0
6,10,17,0
6,10,18,0
6,10,19,0
6,10,20,0
6,10,21,0
6,10,22,0
6,10,23,0
6,10,24,0
6,10,25,0
6,10,26,0
6,10,27,0
6,10,28,0
6,10,29,0
6,10,30,0
6,10,31,0
6,10,32,0
6,10,33,0
6,10,34,0
6,10,35,0
6,10,36,0
6,10,37,0
6,10,38,0
6,10,39,0
6,10,40,0
6,10,41,0
6,10,42,0
6,10,43,0
6,10,44,0
6,10,45,0
6,10,46,0
6,10,47,0
6,10,48,0
6,10,49,0
6,10,50,0
6,10,51,0
6,10,52,0
6,10,53,0
6,10,54,0
6,10,55,0
6,10,56,0
6,10,57,0
6,10,58,0
6,10,59,0
6,10,60,0
6,10,61,0
6,10,62,0
6,10,63,0
6,10,64,0
6,10,65,0
6,10,66,0
6,10,67,0
6,10,68,0
6,10,69,0
6,10,70,0
6,11,1,0
6,11,2,0
6,11,3,0
6,11,4,0
6,11,5,0
6,11,6,0
6,11,7,0
6,11,8,0
6,11,9,0
6,11,10,0
6,11,11,0
6,11,12,0
6,11,13,0
6,11,14,0
6,11,15,0
6,11,16,0
6,11,17,0
6,11,18,0
6,11,19,0
6,11,20,0
6,11,21,0
6,11,22,0
6,11,23,0
6,11,24,0
6,11,25,0
6,11,26,0
6,11,27,0
6,11,28,0
6,11,29,0
6,11,30,0
6,11,31,0
6,11,32,0
6,11,33,0
6,11,34,0
6,11,35,0
6,11,36,0
6,11,37,0
6,11,38,0
6,11,39,0
6,11,40,0
6,11,41,0
6,11,42,0
6,11,43,0
6,11,44,0
6,11,45,0
6,11,46,0
6,11,47,0
6,11,48,0
6,11,49,0
6,11,50,0
6,11,51,0
6,11,52,0
6,11,53,0
6,11,54,0
6,11,55,0
6,11,56,0
6,11,57,0
6,11,58,0
6,11,59,0
6,11,60,0
6,11,61,0
6,11,62,0
6,11,63,0
6,11,64,0
6,11,65,0
6,11,66,0
6,11,67,0
6,11,68,0
6,11,69,0
6,11,70,0
6,12,1,0
6,12,2,0
6,12,3,0
6,12,4,0
6,12,5,0
6,12,6,0
6,12,7,0
6,12,8,0
6,12,9,0
6,12,10,0
6,12,11,0
6,12,12,0
6,12,13,0
6,12,14,0
6,12,15,0
6,12,16,0
6,12,17,0
6,12,18,0
6,12,19,0
6,12,20,0
6,12,21,0
6,12,22,0
6,12,23,0
6,12,24,0
6,12,25,0
6,12,26,0
6,12,27,0
6,12,28,0
6,12,29,0
6,12,30,0
6,12,31,0
6,12,32,0
6,12,33,0
6,12,34,0
6,12,35,0
6,12,36,0
6,12,37,0
6,12,38,0
6,12,39,0
6,12,40,0
6,12,41,0
6,12,42,0
6,12,43,0
6,12,44,0
6,12,45,0
6,12,46,0
6,12,47,0
6,12,48,0
6,12,49,0
6,12,50,0
6,12,51,0
6,12,52,0
6,12,53,0
6,12,54,0
6,12,55,0
6,12,56,0
6,12,57,0
6,12,58,0
6,12,59,0
6,12,60,0
6,12,61,0
6,12,62,0
6,12,63,0
6,12,64,0
6,12,65,0
6,12,66,0
6,12,67,0
6,12,68,0
6,12,69,0
6,12,70,0
6,13,1,0
6,13,2,0
6,13,3,0
6,13,4,0
6,13,5,0
6,13,6,0
6,13,7,0
6,13,8,0
6,13,9,0
6,13,10,0
6,13,11,0
6,13,12,0
6,13,13,0
6,13,14,0
6,13,15,0
6,13,16,0
6,13,17,0
6,13,18,0
6,13,19,0
6,13,20,0
6,13,21,0
6,13,22,0
6,13,23,0
6,13,24,0
6,13,25,0
6,13,26,0
6,13,27,0
6,13,28,0
6,13,29,0
6,13,30,0
6,13,31,0
6,13,32,0
6,13,33,0
6,13,34,0
6,13,35,0
6,13,36,0
6,13,37,0
6,13,38,0
6,13,39,0
6,13,40,0
6,13,41,0
6,13,42,0
6,13,43,0
6,13,44,0
6,13,45,0
6,13,46,0
6,13,47,0
6,13,48,0
6,13,49,0
6,13,50,0
6,13,51,0
6,13,52,0
6,13,53,0
6,13,54,0
6,13,55,0
6,13,56,0
6,13,57,0
6,13,58,0
6,13,59,0
6,13,60,0
6,13,61,0
6,13,62,0
6,13,63,0
6,13,64,0
6,13,65,0
6,13,66,0
6,13,67,0
6,13,68,0
6,13,69,0
6,13,70,0
6,14,1,0
6,14,2,0
6,14,3,0
6,14,4,0
6,14,5,0
6,14,6,0
6,14,7,0
6,14,8,0
6,14,9,0
6,14,10,0
6,14,11,0
6,14,12,0
6,14,13,0
6,14,14,0
6,14,15,0
6,14,16,0
6,14,17,0
6,14,18,0
6,14,19,0
6,14,20,0
6,14,21,0
6,14,22,0
6,14,23,0
6,14,24,0
6,14,25,0
6,14,26,0
6,14,27,0
6,14,28,0
6,14,29,0
6,14,30,0
6,14,31,0
6,14,32,0
6,14,33,0
6,14,34,0
6,14,35,0
6,14,36,0
6,14,37,0
6,14,38,0
6,14,39,0
6,14,40,0
6,14,41,0
6,14,42,0
6,14,43,0
6,14,44,0
6,14,45,0
6,14,46,0
6,14,47,0
6,14,48,0
6,14,49,0
6,14,50,0
6,14,51,0
6,14,52,0
6,14,53,0
6,14,54,0
6,14,55,0
6,14,56,0
6,14,57,0
6,14,58,0
6,14,59,0
6,14,60,0
6,14,61,0
6,14,62,0
6,14,63,0
6,14,64,0
6,14,65,0
6,14,66,0
6,14,67,0
6,14,68,0
6,14,69,0
6,14,70,0
6,15,1,0
6,15,2,0
6,15,3,0
6,15,4,0
6,15,5,0
6,15,6,0
6,15,7,0
6,15,8,0
6,15,9,0
6,15,10,0
6,15,11,0
6,15,12,0
6,15,13,0
6,15,14,0
6,15,15,0
6,15,16,0
6,15,17,0
6,15,18,0
6,15,19,0
6,15,20,0
6,15,21,0
6,15,22,0
6,15,23,0
6,15,24,0
6,15,25,0
6,15,26,0
6,15,27,0
6,15,28,0
6,15,29,0
6,15,30,0
6,15,31,0
6,15,32,0
6,15,33,0
6,15,34,0
6,15,35,0
6,15,36,0
6,15,37,0
6,15,38,0
6,15,39,0
6,15,40,0
6,15,41,0
6,15,42,0
6,15,43,0
6,15,44,0
6,15,45,0
6,15,46,0
6,15,47,0
6,15,48,1
6,15,49,0
6,15,50,0
6,15,51,0
6,15,52,0
6,15,53,0
6,15,54,0
6,15,55,0
6,15,56,0
6,15,57,0
6,15,58,1
6,15,59,1
6,15,60,1
6,15,61,0
6,15,62,0
6,15,63,1
6,15,64,1
6,15,65,1
6,15,66,1
6,15,67,1
6,15,68,0
6,15,69,0
6,15,70,1
6,20,1,0
6,20,2,0
6,20,3,0
6,20,4,0
6,20,5,0
6,20,6,0
6,20,7,0
6,20,8,0
6,20,9,0
6,20,10,0
6,20,11,0
6,20,12,0
6,20,13,0
6,20,14,0
6,20,15,0
6,20,16,0
6,20,17,0
6,20,18,0
6,20,19,0
6,20,20,0
6,20,21,0
6,20,22,0
6,20,23,0
6,20,24,0
6,20,25,0
6,20,26,0
6,20,27,0
6,20,28,0
6,20,29,0
6,20,30,0
6,20,31,0
6,20,32,0
6,20,33,0
6,20,34,0
6,20,35,0
6,20,36,0
6,20,37,0
6,20,38,0
6,20,39,0
6,20,40,0
6,20,41,0
6,20,42,0
6,20,43,0
6,20,44,0
6,20,45,0
6,20,46,0
6,20,47,0
6,20,48,0
6,20,49,0
6,20,50,0
6,20,51,0
6,20,52,0
6,20,53,0
6,20,54,0
6,20,55,0
6,20,56,0
6,20,57,0
6,20,58,0
6,20,59,0
6,20,60,0
6,20,61,0
6,20,62,0
6,20,63,0
6,20,64,0
6,20,65,0
6,20,66,0
6,20,67,0
6,20,68,0
6,20,69,0
6,20,70,0
6,21,1,0
6,21,2,0
6,21,3,0
6,21,4,0
6,21,5,0
6,21,6,0
6,21,7,1
6,21,8,0
6,21,9,0
6,21,10,0
6,21,11,0
6,21,12,0
6,21,13,0
6,21,14,0
6,21,15,0
6,21,16,0
6,21,17,1
6,21,18,0
6,21,19,0
6,21,20,0
6,21,21,0
6,21,22,1
6,21,23,0
6,21,24,0
6,21,25,0
6,21,26,1
6,21,27,0
6,21,28,0
6,21,29,0
6,21,30,0
6,21,31,0
6,21,32,0
6,21,33,0
6,21,34,0
6,21,35,0
6,21,36,0
6,21,37,0
6,21,38,0
6,21,39,1
6,21,40,0
6,21,41,0
6,21,42,0
6,21,43,1
6,21,44,0
6,21,45,0
6,21,46,0
6,21,47,0
6,21,48,0
6,21,49,0
6,21,50,1
6,21,51,0
6,21,52,0
6,21,53,0
6,21,54,0
6,21,55,0
6,21,56,0
6,21,57,0
6,21,58,0
6,21,59,0
6,21,60,0
6,21,61,0
6,21,62,0
6,21,63,0
6,21,64,0
6,21,65,0
6,21,66,1
6,21,67,0
6,21,68,0
6,21,69,0
6,21,70,0
7,1,1,0
7,1,2,0
7,1,3,0
7,1,4,0
7,1,5,0
7,1,6,0
7,1,7,0
7,1,8,0
7,1,9,0
7,1,10,0
7,1,11,0
7,1,12,0
7,1,13,0
7,1,14,0
7,1,15,0
7,1,16,0
7,1,17,0
7,1,18,0
7,1,19,0
7,1,20,0
7,1,21,0
7,1,22,0
7,1,23,0
7,1,24,0
7,1,25,0
7,1,26,0
7,1,27,0
7,1,28,0
7,1,29,0
7,1,30,1
7,1,31,0
7,1,32,0
7,1,33,0
7,1,34,0
7,1,35,0
7,1,36,0
7,1,37,0
7,1,38,0
7,1,39,0
7,1,40,0
7,1,41,0
7,1,42,0
7,1,43,1
7,1,44,0
7,1,45,1
7,1,46,0
7,1,47,0
7,1,48,0
7,1,49,0
7,1,50,0
7,1,51,0
7,1,52,0
7,1,53,0
7,1,54,0
7,1,55,0
7,1,56,0
7,1,57,1
7,1,58,0
7,1,59,0
7,1,60,0
7,1,61,0
7,1,62,0
7,1,63,0
7,1,64,0
7,1,65,0
7,1,66,0
7,1,67,0
7,1,68,0
7,1,69,0
7,1,70,0
7,2,1,0
7,2,2,0
7,2,3,0
7,2,4,1
7,2,5,0
7,2,6,0
7,2,7,0
7,2,8,0
7,2,9,1
7,2,10,0
7,2,11,0
7,2,12,0
7,2,13,0
7,2,14,0
7,2,15,0
7,2,16,0
7,2,17,0
7,2,18,0
7,2,19,0
7,2,20,1
7,2,21,0
7,2,22,0
7,2,23,1
7,2,24,0
7,2,25,0
7,2,26,0
7,2,27,0
7,2,28,0
7,2,29,0
7,2,30,1
7,2,31,0
7,2,32,0
7,2,33,0
7,2,34,0
7,2,35,0
7,2,36,0
7,2,37,0
7,2,38,0
7,2,39,0
7,2,40,0
7,2,41,1
7,2,42,0
7,2,43,1
7,2,44,0
7,2,45,1
7,2,46,0
7,2,47,0
7,2,48,1
7,2,49,0
7,2,50,0
7,2,51,0
7,2,52,0
7,2,53,0
7,2,54,0
7,2,55,0
7,2,56,0
7,2,57,1
7,2,58,0
7,2,59,0
7,2,60,0
7,2,61,0
7,2,62,0
7,2,63,0
7,2,64,0
7,2,65,0
7,2,66,1
7,2,67,0
7,2,68,1
7,2,69,0
7,2,70,0
7,3,1,0
7,3,2,0
7,3,3,0
7,3,4,0
7,3,5,0
7,3,6,0
7,3,7,0
7,3,8,0
7,3,9,0
7,3,10,0
7,3,11,0
7,3,12,0
7,3,13,0
7,3,14,0
7,3,15,0
7,3,16,0
7,3,17,0
7,3,18,0
7,3,19,0
7,3,20,0
7,3,21,0
7,3,22,0
7,3,23,0
7,3,24,0
7,3,25,0
7,3,26,0
7,3,27,0
7,3,28,0
7,3,29,0
7,3,30,0
7,3,31,0
7,3,32,0
7,3,33,0
7,3,34,0
7,3,35,0
7,3,36,0
7,3,37,0
7,3,38,0
7,3,39,0
7,3,40,0
7,3,41,0
7,3,42,0
7,3,43,0
7,3,44,0
7,3,45,0
7,3,46,0
7,3,47,0
7,3,48,0
7,3,49,0
7,3,50,0
7,3,51,0
7,3,52,0
7,3,53,0
7,3,54,0
7,3,55,0
7,3,56,0
7,3,57,0
7,3,58,0
7,3,59,0
7,3,60,0
7,3,61,0
7,3,62,0
7,3,63,0
7,3,64,0
7,3,65,0
7,3,66,0
7,3,67,0
7,3,68,0
7,3,69,0
7,3,70,0
7,10,1,0
7,10,2,0
7,10,3,0
7,10,4,0
7,10,5,0
7,10,6,0
7,10,7,0
7,10,8,0
7,10,9,0
7,10,10,0
7,10,11,0
7,10,12,0
7,10,13,0
7,10,14,0
7,10,15,0
7,10,16,0
7,10,17,0
7,10,18,0
7,10,19,0
7,10,20,0
7,10,21,0
7,10,22,0
7,10,23,0
7,10,24,0
7,10,25,0
7,10,26,0
7,10,27,0
7,10,28,0
7,10,29,0
7,10,30,0
7,10,31,0
7,10,32,0
7,10,33,0
7,10,34,0
7,10,35,0
7,10,36,0
7,10,37,0
7,10,38,0
7,10,39,0
7,10,40,0
7,10,41,0
7,10,42,0
7,10,43,0
7,10,44,0
7,10,45,0
7,10,46,0
7,10,47,0
7,10,48,0
7,10,49,0
7,10,50,0
7,10,51,0
7,10,52,0
7,10,53,0
7,10,54,0
7,10,55,0
7,10,56,0
7,10,57,0
7,10,58,0
7,10,59,0
7,10,60,0
7,10,61,0
7,10,62,0
7,10,63,0
7,10,64,0
7,10,65,0
7,10,66,0
7,10,67,0
7,10,68,0
7,10,69,0
7,10,70,0
7,11,1,0
7,11,2,0
7,11,3,0
7,11,4,0
7,11,5,0
7,11,6,0
7,11,7,0
7,11,8,0
7,11,9,0
7,11,10,0
7,11,11,0
7,11,12,0
7,11,13,0
7,11,14,0
7,11,15,0
7,11,16,0
7,11,17,0
7,11,18,0
7,11,19,0
7,11,20,0
7,11,21,0
7,11,22,0
7,11,23,0
7,11,24,0
7,11,25,0
7,11,26,0
7,11,27,0
7,11,28,0
7,11,29,0
7,11,30,0
7,11,31,0
7,11,32,0
7,11,33,0
7,11,34,0
7,11,35,0
7,11,36,0
7,11,37,0
7,11,38,0
7,11,39,0
7,11,40,0
7,11,41,0
7,11,42,0
7,11,43,0
7,11,44,0
7,11,45,0
7,11,46,0
7,11,47,0
7,11,48,0
7,11,49,0
7,11,50,0
7,11,51,0
7,11,52,0
7,11,53,0
7,11,54,0
7,11,55,0
7,11,56,0
7,11,57,0
7,11,58,0
7,11,59,0
7,11,60,0
7,11,61,0
7,11,62,0
7,11,63,0
7,11,64,0
7,11,65,0
7,11,66,0
7,11,67,0
7,11,68,0
7,11,69,0
7,11,70,0
7,12,1,0
7,12,2,0
7,12,3,0
7,12,4,0
7,12,5,0
7,12,6,0
7,12,7,0
7,12,8,0
7,12,9,0
7,12,10,0
7,12,11,0
7,12,12,0
7,12,13,0
7,12,14,0
7,12,15,0
7,12,16,0
7,12,17,0
7,12,18,0
7,12,19,0
7,12,20,0
7,12,21,0
7,12,22,0
7,12,23,0
7,12,24,0
7,12,25,0
7,12,26,0
7,12,27,0
7,12,28,0
7,12,29,0
7,12,30,0
7,12,31,0
7,12,32,0
7,12,33,0
7,12,34,0
7,12,35,0
7,12,36,0
7,12,37,0
7,12,38,0
7,12,39,0
7,12,40,0
7,12,41,0
7,12,42,0
7,12,43,0
7,12,44,0
7,12,45,0
7,12,46,0
7,12,47,0
7,12,48,0
7,12,49,0
7,12,50,0
7,12,51,0
7,12,52,0
7,12,53,0
7,12,54,0
7,12,55,0
7,12,56,0
7,12,57,0
7,12,58,0
7,12,59,0
7,12,60,0
7,12,61,0
7,12,62,0
7,12,63,0
7,12,64,0
7,12,65,0
7,12,66,0
7,12,67,0
7,12,68,0
7,12,69,0
7,12,70,0
7,13,1,0
7,13,2,0
7,13,3,0
7,13,4,0
7,13,5,0
7,13,6,0
7,13,7,0
7,13,8,0
7,13,9,0
7,13,10,0
7,13,11,0
7,13,12,0
7,13,13,0
7,13,14,0
7,13,15,0
7,13,16,0
7,13,17,0
7,13,18,0
7,13,19,0
7,13,20,0
7,13,21,0
7,13,22,0
7,13,23,0
7,13,24,0
7,13,25,0
7,13,26,0
7,13,27,0
7,13,28,0
7,13,29,0
7,13,30,0
7,13,31,0
7,13,32,0
7,13,33,0
7,13,34,0
7,13,35,0
7,13,36,0
7,13,37,0
7,13,38,0
7,13,39,0
7,13,40,0
7,13,41,0
7,13,42,0
7,13,43,0
7,13,44,0
7,13,45,0
7,13,46,0
7,13,47,0
7,13,48,0
7,13,49,0
7,13,50,0
7,13,51,0
7,13,52,0
7,13,53,0
7,13,54,0
7,13,55,0
7,13,56,0
7,13,57,0
7,13,58,0
7,13,59,0
7,13,60,0
7,13,61,0
7,13,62,0
7,13,63,0
7,13,64,0
7,13,65,0
7,13,66,0
7,13,67,0
7,13,68,0
7,13,69,0
7,13,70,0
7,14,1,0
7,14,2,0
7,14,3,0
7,14,4,0
7,14,5,0
7,14,6,0
7,14,7,0
7,14,8,0
7,14,9,0
7,14,10,0
7,14,11,0
7,14,12,0
7,14,13,0
7,14,14,0
7,14,15,0
7,14,16,0
7,14,17,0
7,14,18,0
7,14,19,0
7,14,20,0
7,14,21,0
7,14,22,0
7,14,23,0
7,14,24,0
7,14,25,0
7,14,26,0
7,14,27,0
7,14,28,0
7,14,29,0
7,14,30,0
7,14,31,0
7,14,32,0
7,14,33,0
7,14,34,0
7,14,35,0
7,14,36,0
7,14,37,0
7,14,38,0
7,14,39,0
7,14,40,0
7,14,41,0
7,14,42,0
7,14,43,0
7,14,44,0
7,14,45,0
7,14,46,0
7,14,47,0
7,14,48,0
7,14,49,0
7,14,50,0
7,14,51,0
7,14,52,0
7,14,53,0
7,14,54,0
7,14,55,0
7,14,56,0
7,14,57,0
7,14,58,0
7,14,59,0
7,14,60,0
7,14,61,0
7,14,62,0
7,14,63,0
7,14,64,0
7,14,65,0
7,14,66,0
7,14,67,0
7,14,68,0
7,14,69,0
7,14,70,0
7,15,1,0
7,15,2,0
7,15,3,0
7,15,4,0
7,15,5,0
7,15,6,0
7,15,7,0
7,15,8,0
7,15,9,0
7,15,10,0
7,15,11,0
7,15,12,0
7,15,13,0
7,15,14,0
7,15,15,0
7,15,16,0
7,15,17,0
7,15,18,0
7,15,19,0
7,15,20,0
7,15,21,0
7,15,22,0
7,15,23,0
7,15,24,0
7,15,25,0
7,15,26,0
7,15,27,0
7,15,28,0
7,15,29,0
7,15,30,0
7,15,31,0
7,15,32,0
7,15,33,0
7,15,34,0
7,15,35,0
7,15,36,0
7,15,37,1
7,15,38,0
7,15,39,0
7,15,40,0
7,15,41,1
7,15,42,1
7,15,43,0
7,15,44,1
7,15,45,0
7,15,46,1
7,15,47,0
7,15,48,0
7,15,49,0
7,15,50,0
7,15,51,0
7,15,52,0
7,15,53,0
7,15,54,0
7,15,55,0
7,15,56,0
7,15,57,0
7,15,58,0
7,15,59,0
7,15,60,0
7,15,61,0
7,15,62,0
7,15,63,0
7,15,64,1
7,15,65,0
7,15,66,0
7,15,67,0
7,15,68,0
7,15,69,0
7,15,70,0
7,20,1,0
7,20,2,0
7,20,3,0
7,20,4,0
7,20,5,0
7,20,6,0
7,20,7,0
7,20,8,0
7,20,9,0
7,20,10,0
7,20,11,0
7,20,12,0
7,20,13,0
7,20,14,0
7,20,15,0
7,20,16,0
7,20,17,0
7,20,18,0
7,20,19,0
7,20,20,0
7,20,21,0
7,20,22,0
7,20,23,0
7,20,24,0
7,20,25,0
7,20,26,0
7,20,27,0
7,20,28,0
7,20,29,0
7,20,30,0
7,20,31,0
7,20,32,0
7,20,33,0
7,20,34,0
7,20,35,0
7,20,36,0
7,20,37,0
7,20,38,0
7,20,39,0
7,20,40,0
7,20,41,0
7,20,42,0
7,20,43,0
7,20,44,0
7,20,45,0
7,20,46,0
7,20,47,0
7,20,48,0
7,20,49,0
7,20,50,0
7,20,51,0
7,20,52,0
7,20,53,0
7,20,54,0
7,20,55,0
7,20,56,0
7,20,57,0
7,20,58,0
7,20,59,0
7,20,60,0
7,20,61,0
7,20,62,0
7,20,63,0
7,20,64,0
7,20,65,0
7,20,66,0
7,20,67,0
7,20,68,0
7,20,69,0
7,20,70,0
7,21,1,0
7,21,2,0
7,21,3,0
7,21,4,0
7,21,5,0
7,21,6,0
7,21,7,0
7,21,8,0
7,21,9,0
7,21,10,0
7,21,11,0
7,21,12,1
7,21,13,0
7,21,14,0
7,21,15,0
7,21,16,1
7,21,17,0
7,21,18,0
7,21,19,0
7,21,20,0
7,21,21,0
7,21,22,0
7,21,23,0
7,21,24,0
7,21,25,0
7,21,26,0
7,21,27,0
7,21,28,0
7,21,29,0
7,21,30,0
7,21,31,1
7,21,32,0
7,21,33,0
7,21,34,0
7,21,35,0
7,21,36,0
7,21,37,0
7,21,38,0
7,21,39,0
7,21,40,0
7,21,41,0
7,21,42,1
7,21,43,0
7,21,44,0
7,21,45,0
7,21,46,1
7,21,47,0
7,21,48,0
7,21,49,0
7,21,50,0
7,21,51,0
7,21,52,0
7,21,53,0
7,21,54,0
7,21,55,0
7,21,56,0
7,21,57,0
7,21,58,0
7,21,59,0
7,21,60,0
7,21,61,0
7,21,62,0
7,21,63,0
7,21,64,0
7,21,65,0
7,21,66,0
7,21,67,0
7,21,68,0
7,21,69,0
7,21,70,0
8,1,1,0
8,1,2,0
8,1,3,0
8,1,4,0
8,1,5,0
8,1,6,0
8,1,7,0
8,1,8,0
8,1,9,0
8,1,10,0
8,1,11,0
8,1,12,0
8,1,13,0
8,1,14,0
8,1,15,0
8,1,16,0
8,1,17,0
8,1,18,0
8,1,19,0
8,1,20,0
8,1,21,0
8,1,22,0
8,1,23,0
8,1,24,0
8,1,25,0
8,1,26,0
8,1,27,0
8,1,28,1
8,1,29,0
8,1,30,0
8,1,31,0
8,1,32,0
8,1,33,0
8,1,34,0
8,1,35,0
8,1,36,0
8,1,37,0
8,1,38,0
8,1,39,0
8,1,40,0
8,1,41,0
8,1,42,0
8,1,43,0
8,1,44,0
8,1,45,0
8,1,46,0
8,1,47,0
8,1,48,0
8,1,49,0
8,1,50,0
8,1,51,0
8,1,52,0
8,1,53,0
8,1,54,0
8,1,55,0
8,1,56,0
8,1,57,0
8,1,58,0
8,1,59,0
8,1,60,0
8,1,61,0
8,1,62,0
8,1,63,0
8,1,64,0
8,1,65,0
8,1,66,0
8,1,67,0
8,1,68,0
8,1,69,0
8,1,70,0
8,2,1,0
8,2,2,1
8,2,3,1
8,2,4,0
8,2,5,1
8,2,6,0
8,2,7,1
8,2,8,0
8,2,9,1
8,2,10,0
8,2,11,0
8,2,12,0
8,2,13,0
8,2,14,1
8,2,15,0
8,2,16,0
8,2,17,0
8,2,18,0
8,2,19,0
8,2,20,0
8,2,21,0
8,2,22,0
8,2,23,0
8,2,24,1
8,2,25,0
8,2,26,0
8,2,27,0
8,2,28,1
8,2,29,0
8,2,30,1
8,2,31,0
8,2,32,0
8,2,33,1
8,2,34,0
8,2,35,0
8,2,36,0
8,2,37,0
8,2,38,0
8,2,39,0
8,2,40,0
8,2,41,0
8,2,42,0
8,2,43,0
8,2,44,0
8,2,45,0
8,2,46,0
8,2,47,0
8,2,48,1
8,2,49,0
8,2,50,0
8,2,51,0
8,2,52,0
8,2,53,0
8,2,54,0
8,2,55,0
8,2,56,0
8,2,57,0
8,2,58,0
8,2,59,0
8,2,60,0
8,2,61,1
8,2,62,1
8,2,63,0
8,2,64,0
8,2,65,0
8,2,66,0
8,2,67,0
8,2,68,0
8,2,69,0
8,2,70,0
8,3,1,0
8,3,2,0
8,3,3,0
8,3,4,0
8,3,5,0
8,3,6,0
8,3,7,0
8,3,8,0
8,3,9,0
8,3,10,0
8,3,11,0
8,3,12,0
8,3,13,0
8,3,14,0
8,3,15,0
8,3,16,0
8,3,17,0
8,3,18,0
8,3,19,0
8,3,20,0
8,3,21,0
8,3,22,0
8,3,23,0
8,3,24,0
8,3,25,0
8,3,26,0
8,3,27,0
8,3,28,0
8,3,29,0
8,3,30,0
8,3,31,0
8,3,32,0
8,3,33,0
8,3,34,0
8,3,35,0
8,3,36,0
8,3,37,0
8,3,38,0
8,3,39,0
8,3,40,1
8,3,41,0
8,3,42,0
8,3,43,0
8,3,44,0
8,3,45,0
8,3,46,0
8,3,47,0
8,3,48,0
8,3,49,0
8,3,50,0
8,3,51,0
8,3,52,0
8,3,53,0
8,3,54,0
8,3,55,0
8,3,56,0
8,3,57,0
8,3,58,0
8,3,59,0
8,3,60,0
8,3,61,0
8,3,62,0
8,3,63,0
8,3,64,0
8,3,65,0
8,3,66,0
8,3,67,0
8,3,68,0
8,3,69,1
8,3,70,0
8,10,1,0
8,10,2,0
8,10,3,0
8,10,4,0
8,10,5,0
8,10,6,0
8,10,7,0
8,10,8,0
8,10,9,0
8,10,10,0
8,10,11,0
8,10,12,0
8,10,13,0
8,10,14,0
8,10,15,0
8,10,16,0
8,10,17,0
8,10,18,0
8,10,19,0
8,10,20,0
8,10,21,0
8,10,22,0
8,10,23,0
8,10,24,0
8,10,25,0
8,10,26,0
8,10,27,0
8,10,28,0
8,10,29,0
8,10,30,0
8,10,31,0
8,10,32,0
8,10,33,0
8,10,34,0
8,10,35,0
8,10,36,0
8,10,37,0
8,10,38,0
8,10,39,0
8,10,40,0
8,10,41,0
8,10,42,0
8,10,43,0
8,10,44,0
8,10,45,0
8,10,46,0
8,10,47,0
8,10,48,0
8,10,49,0
8,10,50,0
8,10,51,0
8,10,52,0
8,10,53,0
8,10,54,0
8,10,55,0
8,10,56,0
8,10,57,0
8,10,58,0
8,10,59,0
8,10,60,0
8,10,61,0
8,10,62,0
8,10,63,0
8,10,64,0
8,10,65,0
8,10,66,0
8,10,67,0
8,10,68,0
8,10,69,0
8,10,70,0
8,11,1,0
8,11,2,0
8,11,3,0
8,11,4,0
8,11,5,0
8,11,6,0
8,11,7,0
8,11,8,0
8,11,9,0
8,11,10,0
8,11,11,0
8,11,12,0
8,11,13,0
8,11,14,0
8,11,15,0
8,11,16,0
8,11,17,0
8,11,18,0
8,11,19,0
8,11,20,0
8,11,21,0
8,11,22,0
8,11,23,0
8,11,24,0
8,11,25,0
8,11,26,0
8,11,27,0
8,11,28,0
8,11,29,0
8,11,30,0
8,11,31,0
8,11,32,0
8,11,33,0
8,11,34,0
8,11,35,0
8,11,36,0
8,11,37,0
8,11,38,0
8,11,39,0
8,11,40,0
8,11,41,0
8,11,42,0
8,11,43,0
8,11,44,0
8,11,45,0
8,11,46,0
8,11,47,0
8,11,48,0
8,11,49,0
8,11,50,0
8,11,51,0
8,11,52,0
8,11,53,0
8,11,54,0
8,11,55,0
8,11,56,0
8,11,57,0
8,11,58,0
8,11,59,0
8,11,60,0
8,11,61,0
8,11,62,0
8,11,63,0
8,11,64,0
8,11,65,0
8,11,66,0
8,11,67,0
8,11,68,0
8,11,69,0
8,11,70,0
8,12,1,0
8,12,2,0
8,12,3,0
8,12,4,0
8,12,5,0
8,12,6,0
8,12,7,0
8,12,8,0
8,12,9,0
8,12,10,0
8,12,11,0
8,12,12,0
8,12,13,0
8,12,14,0
8,12,15,0
8,12,16,0
8,12,17,0
8,12,18,0
8,12,19,0
8,12,20,0
8,12,21,0
8,12,22,0
8,12,23,0
8,12,24,0
8,12,25,0
8,12,26,0
8,12,27,0
8,12,28,0
8,12,29,0
8,12,30,0
8,12,31,0
8,12,32,0
8,12,33,0
8,12,34,0
8,12,35,0
8,12,36,0
8,12,37,0
8,12,38,0
8,12,39,0
8,12,40,0
8,12,41,0
8,12,42,0
8,12,43,0
8,12,44,0
8,12,45,0
8,12,46,0
8,12,47,0
8,12,48,0
8,12,49,0
8,12,50,0
8,12,51,0
8,12,52,0
8,12,53,0
8,12,54,0
8,12,55,0
8,12,56,0
8,12,57,0
8,12,58,0
8,12,59,0
8,12,60,0
8,12,61,0
8,12,62,0
8,12,63,0
8,12,64,0
8,12,65,0
8,12,66,0
8,12,67,0
8,12,68,0
8,12,69,0
8,12,70,0
8,13,1,0
8,13,2,0
8,13,3,0
8,13,4,0
8,13,5,0
8,13,6,0
8,13,7,0
8,13,8,0
8,13,9,0
8,13,10,0
8,13,11,0
8,13,12,0
8,13,13,0
8,13,14,0
8,13,15,0
8,13,16,0
8,13,17,0
8,13,18,0
8,13,19,0
8,13,20,0
8,13,21,0
8,13,22,0
8,13,23,0
8,13,24,0
8,13,25,0
8,13,26,0
8,13,27,0
8,13,28,0
8,13,29,0
8,13,30,0
8,13,31,0
8,13,32,0
8,13,33,0
8,13,34,0
8,13,35,0
8,13,36,0
8,13,37,0
8,13,38,0
8,13,39,0
8,13,40,0
8,13,41,0
8,13,42,0
8,13,43,0
8,13,44,0
8,13,45,0
8,13,46,0
8,13,47,0
8,13,48,0
8,13,49,0
8,13,50,0
8,13,51,0
8,13,52,0
8,13,53,0
8,13,54,0
8,13,55,0
8,13,56,0
8,13,57,0
8,13,58,0
8,13,59,0
8,13,60,0
8,13,61,0
8,13,62,0
8,13,63,0
8,13,64,0
8,13,65,0
8,13,66,0
8,13,67,0
8,13,68,0
8,13,69,0
8,13,70,0
8,14,1,0
8,14,2,0
8,14,3,0
8,14,4,0
8,14,5,0
8,14,6,0
8,14,7,0
8,14,8,0
8,14,9,0
8,14,10,0
8,14,11,0
8,14,12,0
8,14,13,0
8,14,14,0
8,14,15,0
8,14,16,0
8,14,17,0
8,14,18,0
8,14,19,0
8,14,20,0
8,14,21,0
8,14,22,0
8,14,23,0
8,14,24,0
8,14,25,0
8,14,26,0
8,14,27,0
8,14,28,0
8,14,29,0
8,14,30,0
8,14,31,0
8,14,32,0
8,14,33,0
8,14,34,0
8,14,35,0
8,14,36,0
8,14,37,0
8,14,38,0
8,14,39,0
8,14,40,0
8,14,41,0
8,14,42,0
8,14,43,0
8,14,44,0
8,14,45,0
8,14,46,0
8,14,47,0
8,14,48,0
8,14,49,0
8,14,50,0
8,14,51,0
8,14,52,0
8,14,53,0
8,14,54,0
8,14,55,0
8,14,56,0
8,14,57,0
8,14,58,0
8,14,59,0
8,14,60,0
8,14,61,0
8,14,62,0
8,14,63,0
8,14,64,0
8,14,65,0
8,14,66,0
8,14,67,0
8,14,68,0
8,14,69,0
8,14,70,0
8,15,1,0
8,15,2,0
8,15,3,0
8,15,4,0
8,15,5,0
8,15,6,0
8,15,7,0
8,15,8,0
8,15,9,0
8,15,10,0
8,15,11,0
8,15,12,0
8,15,13,0
8,15,14,0
8,15,15,1
8,15,16,1
8,15,17,0
8,15,18,0
8,15,19,0
8,15,20,0
8,15,21,1
8,15,22,1
8,15,23,0
8,15,24,0
8,15,25,0
8,15,26,0
8,15,27,0
8,15,28,0
8,15,29,0
8,15,30,0
8,15,31,0
8,15,32,0
8,15,33,0
8,15,34,0
8,15,35,0
8,15,36,0
8,15,37,0
8,15,38,1
8,15,39,1
8,15,40,1
8,15,41,1
8,15,42,1
8,15,43,0
8,15,44,0
8,15,45,0
8,15,46,0
8,15,47,0
8,15,48,0
8,15,49,0
8,15,50,0
8,15,51,0
8,15,52,0
8,15,53,0
8,15,54,0
8,15,55,0
8,15,56,0
8,15,57,0
8,15,58,0
8,15,59,0
8,15,60,0
8,15,61,0
8,15,62,0
8,15,63,0
8,15,64,0
8,15,65,0
8,15,66,0
8,15,67,0
8,15,68,1
8,15,69,1
8,15,70,1
8,20,1,0
8,20,2,0
8,20,3,0
8,20,4,0
8,20,5,0
8,20,6,0
8,20,7,0
8,20,8,0
8,20,9,0
8,20,10,0
8,20,11,0
8,20,12,0
8,20,13,0
8,20,14,0
8,20,15,0
8,20,16,0
8,20,17,0
8,20,18,0
8,20,19,0
8,20,20,0
8,20,21,0
8,20,22,0
8,20,23,0
8,20,24,0
8,20,25,0
8,20,26,0
8,20,27,0
8,20,28,0
8,20,29,0
8,20,30,0
8,20,31,0
8,20,32,0
8,20,33,0
8,20,34,0
8,20,35,0
8,20,36,0
8,20,37,0
8,20,38,0
8,20,39,0
8,20,40,0
8,20,41,0
8,20,42,0
8,20,43,0
8,20,44,0
8,20,45,0
8,20,46,0
8,20,47,0
8,20,48,0
8,20,49,0
8,20,50,0
8,20,51,0
8,20,52,0
8,20,53,0
8,20,54,0
8,20,55,0
8,20,56,0
8,20,57,0
8,20,58,0
8,20,59,0
8,20,60,0
8,20,61,0
8,20,62,0
8,20,63,0
8,20,64,0
8,20,65,0
8,20,66,0
8,20,67,0
8,20,68,0
8,20,69,0
8,20,70,0
8,21,1,0
8,21,2,0
8,21,3,0
8,21,4,0
8,21,5,0
8,21,6,0
8,21,7,0
8,21,8,0
8,21,9,0
8,21,10,1
8,21,11,0
8,21,12,0
8,21,13,1
8,21,14,0
8,21,15,0
8,21,16,0
8,21,17,0
8,21,18,0
8,21,19,0
8,21,20,0
8,21,21,0
8,21,22,0
8,21,23,0
8,21,24,0
8,21,25,0
8,21,26,0
8,21,27,1
8,21,28,0
8,21,29,1
8,21,30,0
8,21,31,0
8,21,32,0
8,21,33,0
8,21,34,1
8,21,35,0
8,21,36,0
8,21,37,0
8,21,38,0
8,21,39,0
8,21,40,0
8,21,41,0
8,21,42,0
8,21,43,0
8,21,44,0
8,21,45,0
8,21,46,0
8,21,47,0
8,21,48,0
8,21,49,0
8,21,50,0
8,21,51,0
8,21,52,1
8,21,53,0
8,21,54,0
8,21,55,0
8,21,56,0
8,21,57,0
8,21,58,1
8,21,59,0
8,21,60,0
8,21,61,0
8,21,62,0
8,21,63,1
8,21,64,0
8,21,65,0
8,21,66,0
8,21,67,0
8,21,68,0
8,21,69,0
8,21,70,0
9,1,1,0
9,1,2,0
9,1,3,0
9,1,4,0
9,1,5,0
9,1,6,0
9,1,7,0
9,1,8,0
9,1,9,0
9,1,10,0
9,1,11,0
9,1,12,0
9,1,13,0
9,1,14,0
9,1,15,0
9,1,16,0
9,1,17,0
9,1,18,0
9,1,19,0
9,1,20,0
9,1,21,0
9,1,22,0
9,1,23,0
9,1,24,0
9,1,25,0
9,1,26,0
9,1,27,0
9,1,28,0
9,1,29,0
9,1,30,0
9,1,31,0
9,1,32,0
9,1,33,0
9,1,34,0
9,1,35,0
9,1,36,0
9,1,37,0
9,1,38,0
9,1,39,0
9,1,40,0
9,1,41,0
9,1,42,0
9,1,43,0
9,1,44,0
9,1,45,0
9,1,46,0
9,1,47,0
9,1,48,0
9,1,49,0
9,1,50,1
9,1,51,0
9,1,52,0
9,1,53,0
9,1,54,0
9,1,55,0
9,1,56,0
9,1,57,0
9,1,58,0
9,1,59,0
9,1,60,0
9,1,61,0
9,1,62,0
9,1,63,0
9,1,64,0
9,1,65,0
9,1,66,0
9,1,67,0
9,1,68,0
9,1,69,0
9,1,70,0
9,2,1,0
9,2,2,0
9,2,3,1
9,2,4,0
9,2,5,1
9,2,6,0
9,2,7,0
9,2,8,0
9,2,9,0
9,2,10,0
9,2,11,0
9,2,12,1
9,2,13,0
9,2,14,0
9,2,15,0
9,2,16,0
9,2,17,0
9,2,18,0
9,2,19,0
9,2,20,0
9,2,21,0
9,2,22,0
9,2,23,0
9,2,24,0
9,2,25,0
9,2,26,0
9,2,27,0
9,2,28,0
9,2,29,1
9,2,30,0
9,2,31,1
9,2,32,1
9,2,33,0
9,2,34,0
9,2,35,0
9,2,36,1
9,2,37,0
9,2,38,0
9,2,39,0
9,2,40,0
9,2,41,0
9,2,42,0
9,2,43,1
9,2,44,0
9,2,45,0
9,2,46,0
9,2,47,1
9,2,48,0
9,2,49,0
9,2,50,1
9,2,51,0
9,2,52,1
9,2,53,1
9,2,54,0
9,2,55,1
9,2,56,0
9,2,57,0
9,2,58,1
9,2,59,0
9,2,60,0
9,2,61,0
9,2,62,1
9,2,63,0
9,2,64,0
9,2,65,0
9,2,66,0
9,2,67,0
9,2,68,0
9,2,69,1
9,2,70,0
9,3,1,0
9,3,2,0
9,3,3,0
9,3,4,0
9,3,5,0
9,3,6,0
9,3,7,0
9,3,8,0
9,3,9,0
9,3,10,0
9,3,11,0
9,3,12,0
9,3,13,0
9,3,14,0
9,3,15,0
9,3,16,0
9,3,17,0
9,3,18,0
9,3,19,0
9,3,20,0
9,3,21,0
9,3,22,0
9,3,23,0
9,3,24,0
9,3,25,0
9,3,26,0
9,3,27,0
9,3,28,0
9,3,29,0
9,3,30,0
9,3,31,0
9,3,32,1
9,3,33,0
9,3,34,0
9,3,35,0
9,3,36,0
9,3,37,0
9,3,38,0
9,3,39,0
9,3,40,0
9,3,41,0
9,3,42,0
9,3,43,0
9,3,44,0
9,3,45,0
9,3,46,0
9,3,47,0
9,3,48,0
9,3,49,0
9,3,50,0
9,3,51,0
9,3,52,0
9,3,53,0
9,3,54,0
9,3,55,0
9,3,56,0
9,3,57,0
9,3,58,0
9,3,59,0
9,3,60,0
9,3,61,0
9,3,62,0
9,3,63,0
9,3,64,0
9,3,65,0
9,3,66,0
9,3,67,0
9,3,68,0
9,3,69,0
9,3,70,0
9,10,1,0
9,10,2,0
9,10,3,0
9,10,4,0
9,10,5,0
9,10,6,0
9,10,7,0
9,10,8,0
9,10,9,0
9,10,10,0
9,10,11,0
9,10,12,0
9,10,13,0
9,10,14,0
9,10,15,0
9,10,16,0
9,10,17,0
9,10,18,0
9,10,19,0
9,10,20,0
9,10,21,0
9,10,22,0
9,10,23,0
9,10,24,0
9,10,25,0
9,10,26,0
9,10,27,0
9,10,28,0
9,10,29,0
9,10,30,0
9,10,31,0
9,10,32,0
9,10,33,0
9,10,34,0
9,10,35,0
9,10,36,0
9,10,37,0
9,10,38,0
9,10,39,0
9,10,40,0
9,10,41,0
9,10,42,0
9,10,43,0
9,10,44,0
9,10,45,0
9,10,46,0
9,10,47,0
9,10,48,0
9,10,49,0
9,10,50,0
9,10,51,0
9,10,52,0
9,10,53,0
9,10,54,0
9,10,55,0
9,10,56,0
9,10,57,0
9,10,58,0
9,10,59,0
9,10,60,0
9,10,61,0
9,10,62,0
9,10,63,0
9,10,64,0
9,10,65,0
9,10,66,0
9,10,67,0
9,10,68,0
9,10,69,0
9,10,70,0
9,11,1,0
9,11,2,0
9,11,3,0
9,11,4,0
9,11,5,0
9,11,6,0
9,11,7,0
9,11,8,0
9,11,9,0
9,11,10,0
9,11,11,0
9,11,12,0
9,11,13,0
9,11,14,0
9,11,15,0
9,11,16,0
9,11,17,0
9,11,18,0
9,11,19,0
9,11,20,0
9,11,21,0
9,11,22,0
9,11,23,0
9,11,24,0
9,11,25,0
9,11,26,0
9,11,27,0
9,11,28,0
9,11,29,0
9,11,30,0
9,11,31,0
9,11,32,0
9,11,33,0
9,11,34,0
9,11,35,0
9,11,36,0
9,11,37,0
9,11,38,0
9,11,39,0
9,11,40,0
9,11,41,0
9,11,42,0
9,11,43,0
9,11,44,0
9,11,45,0
9,11,46,0
9,11,47,0
9,11,48,0
9,11,49,0
9,11,50,0
9,11,51,0
9,11,52,0
9,11,53,0
9,11,54,0
9,11,55,0
9,11,56,0
9,11,57,0
9,11,58,0
9,11,59,0
9,11,60,0
9,11,61,0
9,11,62,0
9,11,63,0
9,11,64,0
9,11,65,0
9,11,66,0
9,11,67,0
9,11,68,0
9,11,69,0
9,11,70,0
9,12,1,0
9,12,2,0
9,12,3,0
9,12,4,0
9,12,5,0
9,12,6,0
9,12,7,0
9,12,8,0
9,12,9,0
9,12,10,0
9,12,11,0
9,12,12,0
9,12,13,0
9,12,14,0
9,12,15,0
9,12,16,0
9,12,17,0
9,12,18,0
9,12,19,0
9,12,20,0
9,12,21,0
9,12,22,0
9,12,23,0
9,12,24,0
9,12,25,0
9,12,26,0
9,12,27,0
9,12,28,0
9,12,29,0
9,12,30,0
9,12,31,0
9,12,32,0
9,12,33,0
9,12,34,0
9,12,35,0
9,12,36,0
9,12,37,0
9,12,38,0
9,12,39,0
9,12,40,0
9,12,41,0
9,12,42,0
9,12,43,0
9,12,44,0
9,12,45,0
9,12,46,0
9,12,47,0
9,12,48,0
9,12,49,0
9,12,50,0
9,12,51,0
9,12,52,0
9,12,53,0
9,12,54,0
9,12,55,0
9,12,56,0
9,12,57,0
9,12,58,0
9,12,59,0
9,12,60,0
9,12,61,0
9,12,62,0
9,12,63,0
9,12,64,0
9,12,65,0
9,12,66,0
9,12,67,0
9,12,68,0
9,12,69,0
9,12,70,0
9,13,1,0
9,13,2,0
9,13,3,0
9,13,4,0
9,13,5,0
9,13,6,0
9,13,7,0
9,13,8,0
9,13,9,0
9,13,10,0
9,13,11,0
9,13,12,0
9,13,13,0
9,13,14,0
9,13,15,0
9,13,16,0
9,13,17,0
9,13,18,0
9,13,19,0
9,13,20,0
9,13,21,0
9,13,22,0
9,13,23,0
9,13,24,0
9,13,25,0
9,13,26,0
9,13,27,0
9,13,28,0
9,13,29,0
9,13,30,0
9,13,31,0
9,13,32,0
9,13,33,0
9,13,34,0
9,13,35,0
9,13,36,0
9,13,37,0
9,13,38,0
9,13,39,0
9,13,40,0
9,13,41,0
9,13,42,0
9,13,43,0
9,13,44,0
9,13,45,0
9,13,46,0
9,13,47,0
9,13,48,0
9,13,49,0
9,13,50,0
9,13,51,0
9,13,52,0
9,13,53,0
9,13,54,0
9,13,55,0
9,13,56,0
9,13,57,0
9,13,58,0
9,13,59,0
9,13,60,0
9,13,61,0
9,13,62,0
9,13,63,0
9,13,64,0
9,13,65,0
9,13,66,0
9,13,67,0
9,13,68,0
9,13,69,0
9,13,70,0
9,14,1,0
9,14,2,0
9,14,3,0
9,14,4,0
9,14,5,0
9,14,6,0
9,14,7,0
9,14,8,0
9,14,9,0
9,14,10,0
9,14,11,0
9,14,12,0
9,14,13,0
9,14,14,0
9,14,15,0
9,14,16,0
9,14,17,0
9,14,18,0
9,14,19,0
9,14,20,0
9,14,21,0
9,14,22,0
9,14,23,0
9,14,24,0
9,14,25,0
9,14,26,0
9,14,27,0
9,14,28,0
9,14,29,0
9,14,30,0
9,14,31,0
9,14,32,0
9,14,33,0
9,14,34,0
9,14,35,0
9,14,36,0
9,14,37,0
9,14,38,0
9,14,39,0
9,14,40,0
9,14,41,0
9,14,42,0
9,14,43,0
9,14,44,0
9,14,45,0
9,14,46,0
9,14,47,0
9,14,48,0
9,14,49,0
9,14,50,0
9,14,51,0
9,14,52,0
9,14,53,0
9,14,54,0
9,14,55,0
9,14,56,0
9,14,57,0
9,14,58,0
9,14,59,0
9,14,60,0
9,14,61,0
9,14,62,0
9,14,63,0
9,14,64,0
9,14,65,0
9,14,66,0
9,14,67,0
9,14,68,0
9,14,69,0
9,14,70,0
9,15,1,0
9,15,2,0
9,15,3,0
9,15,4,0
9,15,5,0
9,15,6,0
9,15,7,0
9,15,8,0
9,15,9,0
9,15,10,0
9,15,11,0
9,15,12,0
9,15,13,0
9,15,14,0
9,15,15,0
9,15,16,0
9,15,17,1
9,15,18,1
9,15,19,1
9,15,20,0
9,15,21,0
9,15,22,0
9,15,23,0
9,15,24,0
9,15,25,0
9,15,26,0
9,15,27,0
9,15,28,0
9,15,29,0
9,15,30,0
9,15,31,0
9,15,32,0
9,15,33,0
9,15,34,0
9,15,35,0
9,15,36,0
9,15,37,0
9,15,38,1
9,15,39,0
9,15,40,0
9,15,41,1
9,15,42,0
9,15,43,0
9,15,44,0
9,15,45,0
9,15,46,0
9,15,47,0
9,15,48,0
9,15,49,1
9,15,50,0
9,15,51,0
9,15,52,0
9,15,53,0
9,15,54,0
9,15,55,0
9,15,56,0
9,15,57,0
9,15,58,0
9,15,59,0
9,15,60,0
9,15,61,0
9,15,62,0
9,15,63,0
9,15,64,0
9,15,65,0
9,15,66,0
9,15,67,0
9,15,68,0
9,15,69,0
9,15,70,0
9,20,1,0
9,20,2,0
9,20,3,0
9,20,4,0
9,20,5,0
9,20,6,0
9,20,7,0
9,20,8,0
9,20,9,1
9,20,10,0
9,20,11,0
9,20,12,0
9,20,13,0
9,20,14,0
9,20,15,0
9,20,16,0
9,20,17,0
9,20,18,0
9,20,19,1
9,20,20,0
9,20,21,0
9,20,22,0
9,20,23,0
9,20,24,0
9,20,25,0
9,20,26,0
9,20,27,0
9,20,28,0
9,20,29,0
9,20,30,0
9,20,31,0
9,20,32,0
9,20,33,0
9,20,34,0
9,20,35,0
9,20,36,0
9,20,37,0
9,20,38,0
9,20,39,0
9,20,40,0
9,20,41,0
9,20,42,0
9,20,43,0
9,20,44,1
9,20,45,0
9,20,46,0
9,20,47,0
9,20,48,0
9,20,49,0
9,20,50,0
9,20,51,0
9,20,52,0
9,20,53,0
9,20,54,0
9,20,55,0
9,20,56,0
9,20,57,0
9,20,58,0
9,20,59,0
9,20,60,0
9,20,61,0
9,20,62,0
9,20,63,0
9,20,64,0
9,20,65,0
9,20,66,0
9,20,67,0
9,20,68,0
9,20,69,0
9,20,70,0
9,21,1,0
9,21,2,0
9,21,3,0
9,21,4,0
9,21,5,0
9,21,6,0
9,21,7,0
9,21,8,0
9,21,9,0
9,21,10,0
9,21,11,0
9,21,12,0
9,21,13,0
9,21,14,0
9,21,15,0
9,21,16,0
9,21,17,0
9,21,18,0
9,21,19,0
9,21,20,0
9,21,21,0
9,21,22,0
9,21,23,1
9,21,24,0
9,21,25,0
9,21,26,0
9,21,27,0
9,21,28,0
9,21,29,0
9,21,30,0
9,21,31,0
9,21,32,0
9,21,33,1
9,21,34,0
9,21,35,0
9,21,36,0
9,21,37,0
9,21,38,0
9,21,39,0
9,21,40,0
9,21,41,1
9,21,42,0
9,21,43,0
9,21,44,0
9,21,45,0
9,21,46,0
9,21,47,0
9,21,48,0
9,21,49,0
9,21,50,0
9,21,51,0
9,21,52,0
9,21,53,0
9,21,54,1
9,21,55,0
9,21,56,0
9,21,57,0
9,21,58,0
9,21,59,0
9,21,60,0
9,21,61,1
9,21,62,0
9,21,63,0
9,21,64,0
9,21,65,0
9,21,66,0
9,21,67,0
9,21,68,1
9,21,69,0
9,21,70,0
10,1,1,0
10,1,2,0
10,1,3,0
10,1,4,0
10,1,5,0
10,1,6,1
10,1,7,0
10,1,8,0
10,1,9,0
10,1,10,0
10,1,11,0
10,1,12,0
10,1,13,0
10,1,14,0
10,1,15,0
10,1,16,0
10,1,17,0
10,1,18,0
10,1,19,0
10,1,20,0
10,1,21,0
10,1,22,0
10,1,23,0
10,1,24,0
10,1,25,0
10,1,26,0
10,1,27,0
10,1,28,0
10,1,29,0
10,1,30,0
10,1,31,0
10,1,32,0
10,1,33,0
10,1,34,0
10,1,35,0
10,1,36,0
10,1,37,0
10,1,38,0
10,1,39,0
10,1,40,0
10,1,41,0
10,1,42,0
10,1,43,0
10,1,44,0
10,1,45,0
10,1,46,0
10,1,47,0
10,1,48,0
10,1,49,0
10,1,50,0
10,1,51,0
10,1,52,0
10,1,53,0
10,1,54,0
10,1,55,0
10,1,56,0
10,1,57,0
10,1,58,0
10,1,59,0
10,1,60,0
10,1,61,0
10,1,62,0
10,1,63,0
10,1,64,0
10,1,65,1
10,1,66,0
10,1,67,0
10,1,68,0
10,1,69,0
10,1,70,0
10,2,1,0
10,2,2,1
10,2,3,1
10,2,4,1
10,2,5,0
10,2,6,1
10,2,7,0
10,2,8,1
10,2,9,0
10,2,10,0
10,2,11,1
10,2,12,0
10,2,13,0
10,2,14,0
10,2,15,0
10,2,16,1
10,2,17,1
10,2,18,0
10,2,19,0
10,2,20,0
10,2,21,0
10,2,22,1
10,2,23,0
10,2,24,0
10,2,25,0
10,2,26,1
10,2,27,1
10,2,28,0
10,2,29,0
10,2,30,0
10,2,31,0
10,2,32,0
10,2,33,0
10,2,34,0
10,2,35,0
10,2,36,0
10,2,37,1
10,2,38,0
10,2,39,0
10,2,40,0
10,2,41,0
10,2,42,0
10,2,43,0
10,2,44,0
10,2,45,0
10,2,46,0
10,2,47,0
10,2,48,0
10,2,49,0
10,2,50,0
10,2,51,1
10,2,52,1
10,2,53,0
10,2,54,0
10,2,55,0
10,2,56,0
10,2,57,0
10,2,58,0
10,2,59,0
10,2,60,0
10,2,61,0
10,2,62,0
10,2,63,0
10,2,64,0
10,2,65,1
10,2,66,0
10,2,67,1
10,2,68,0
10,2,69,1
10,2,70,0
10,3,1,0
10,3,2,0
10,3,3,0
10,3,4,0
10,3,5,0
10,3,6,0
10,3,7,0
10,3,8,0
10,3,9,0
10,3,10,0
10,3,11,0
10,3,12,0
10,3,13,0
10,3,14,0
10,3,15,0
10,3,16,0
10,3,17,0
10,3,18,0
10,3,19,0
10,3,20,0
10,3,21,0
10,3,22,0
10,3,23,0
10,3,24,0
10,3,25,0
10,3,26,0
10,3,27,0
10,3,28,0
10,3,29,0
10,3,30,0
10,3,31,0
10,3,32,0
10,3,33,0
10,3,34,0
10,3,35,0
10,3,36,0
10,3,37,0
10,3,38,0
10,3,39,0
10,3,40,0
10,3,41,0
10,3,42,0
10,3,43,0
10,3,44,0
10,3,45,0
10,3,46,0
10,3,47,0
10,3,48,0
10,3,49,0
10,3,50,0
10,3,51,0
10,3,52,0
10,3,53,0
10,3,54,0
10,3,55,0
10,3,56,0
10,3,57,0
10,3,58,0
10,3,59,0
10,3,60,0
10,3,61,0
10,3,62,0
10,3,63,0
10,3,64,0
10,3,65,0
10,3,66,0
10,3,67,0
10,3,68,0
10,3,69,0
10,3,70,0
10,10,1,0
10,10,2,0
10,10,3,0
10,10,4,0
10,10,5,0
10,10,6,0
10,10,7,0
10,10,8,0
10,10,9,0
10,10,10,0
10,10,11,0
10,10,12,0
10,10,13,0
10,10,14,0
10,10,15,0
10,10,16,0
10,10,17,0
10,10,18,0
10,10,19,0
10,10,20,0
10,10,21,0
10,10,22,0
10,10,23,0
10,10,24,0
10,10,25,0
10,10,26,0
10,10,27,0
10,10,28,0
10,10,29,0
10,10,30,0
10,10,31,0
10,10,32,0
10,10,33,0
10,10,34,0
10,10,35,0
10,10,36,0
10,10,37,0
10,10,38,0
10,10,39,0
10,10,40,0
10,10,41,0
10,10,42,0
10,10,43,0
10,10,44,0
10,10,45,0
10,10,46,0
10,10,47,0
10,10,48,0
10,10,49,0
10,10,50,0
10,10,51,0
10,10,52,0
10,10,53,0
10,10,54,0
10,10,55,0
10,10,56,0
10,10,57,0
10,10,58,0
10,10,59,0
10,10,60,0
10,10,61,0
10,10,62,0
10,10,63,0
10,10,64,0
10,10,65,0
10,10,66,0
10,10,67,0
10,10,68,0
10,10,69,0
10,10,70,0
10,11,1,0
10,11,2,0
10,11,3,0
10,11,4,0
10,11,5,0
10,11,6,0
10,11,7,0
10,11,8,0
10,11,9,0
10,11,10,0
10,11,11,0
10,11,12,0
10,11,13,0
10,11,14,0
10,11,15,0
10,11,16,0
10,11,17,0
10,11,18,0
10,11,19,0
10,11,20,0
10,11,21,0
10,11,22,0
10,11,23,0
10,11,24,0
10,11,25,0
10,11,26,0
10,11,27,0
10,11,28,0
10,11,29,0
10,11,30,0
10,11,31,0
10,11,32,0
10,11,33,0
10,11,34,0
10,11,35,0
10,11,36,0
10,11,37,0
10,11,38,0
10,11,39,0
10,11,40,0
10,11,41,0
10,11,42,0
10,11,43,0
10,11,44,0
10,11,45,0
10,11,46,0
10,11,47,0
10,11,48,0
10,11,49,0
10,11,50,0
10,11,51,0
10,11,52,0
10,11,53,0
10,11,54,0
10,11,55,0
10,11,56,0
10,11,57,0
10,11,58,0
10,11,59,0
10,11,60,0
10,11,61,0
10,11,62,0
10,11,63,0
10,11,64,0
10,11,65,0
10,11,66,0
10,11,67,0
10,11,68,0
10,11,69,0
10,11,70,0
10,12,1,0
10,12,2,0
10,12,3,0
10,12,4,0
10,12,5,0
10,12,6,0
10,12,7,0
10,12,8,0
10,12,9,0
10,12,10,0
10,12,11,0
10,12,12,0
10,12,13,0
10,12,14,0
10,12,15,0
10,12,16,0
10,12,17,0
10,12,18,0
10,12,19,0
10,12,20,0
10,12,21,0
10,12,22,0
10,12,23,0
10,12,24,0
10,12,25,0
10,12,26,0
10,12,27,0
10,12,28,0
10,12,29,0
10,12,30,0
10,12,31,0
10,12,32,0
10,12,33,0
10,12,34,0
10,12,35,0
10,12,36,0
10,12,37,0
10,12,38,0
10,12,39,0
10,12,40,0
10,12,41,0
10,12,42,0
10,12,43,0
10,12,44,0
10,12,45,0
10,12,46,0
10,12,47,0
10,12,48,0
10,12,49,0
10,12,50,0
10,12,51,0
10,12,52,0
10,12,53,0
10,12,54,0
10,12,55,0
10,12,56,0
10,12,57,0
10,12,58,0
10,12,59,0
10,12,60,0
10,12,61,0
10,12,62,0
10,12,63,0
10,12,64,0
10,12,65,0
10,12,66,0
10,12,67,0
10,12,68,0
10,12,69,0
10,12,70,0
10,13,1,0
10,13,2,0
10,13,3,0
10,13,4,0
10,13,5,0
10,13,6,0
10,13,7,0
10,13,8,0
10,13,9,0
10,13,10,0
10,13,11,0
10,13,12,0
10,13,13,0
10,13,14,0
10,13,15,0
10,13,16,0
10,13,17,0
10,13,18,0
10,13,19,0
10,13,20,0
10,13,21,0
10,13,22,0
10,13,23,0
10,13,24,0
10,13,25,0
10,13,26,0
10,13,27,0
10,13,28,0
10,13,29,0
10,13,30,0
10,13,31,0
10,13,32,0
10,13,33,0
10,13,34,0
10,13,35,0
10,13,36,0
10,13,37,0
10,13,38,0
10,13,39,0
10,13,40,0
10,13,41,0
10,13,42,0
10,13,43,0
10,13,44,0
10,13,45,0
10,13,46,0
10,13,47,0
10,13,48,0
10,13,49,0
10,13,50,0
10,13,51,0
10,13,52,0
10,13,53,0
10,13,54,0
10,13,55,0
10,13,56,0
10,13,57,0
10,13,58,0
10,13,59,0
10,13,60,0
10,13,61,0
10,13,62,0
10,13,63,0
10,13,64,0
10,13,65,0
10,13,66,0
10,13,67,0
10,13,68,0
10,13,69,0
10,13,70,0
10,14,1,0
10,14,2,0
10,14,3,0
10,14,4,0
10,14,5,0
10,14,6,0
10,14,7,0
10,14,8,0
10,14,9,0
10,14,10,0
10,14,11,0
10,14,12,0
10,14,13,0
10,14,14,0
10,14,15,0
10,14,16,0
10,14,17,0
10,14,18,0
10,14,19,0
10,14,20,0
10,14,21,0
10,14,22,0
10,14,23,0
10,14,24,0
10,14,25,0
10,14,26,0
10,14,27,0
10,14,28,0
10,14,29,0
10,14,30,0
10,14,31,0
10,14,32,0
10,14,33,0
10,14,34,0
10,14,35,0
10,14,36,0
10,14,37,0
10,14,38,0
10,14,39,0
10,14,40,0
10,14,41,0
10,14,42,0
10,14,43,0
10,14,44,0
10,14,45,0
10,14,46,0
10,14,47,0
10,14,48,0
10,14,49,0
10,14,50,0
10,14,51,0
10,14,52,0
10,14,53,0
10,14,54,0
10,14,55,0
10,14,56,0
10,14,57,0
10,14,58,0
10,14,59,0
10,14,60,0
10,14,61,0
10,14,62,0
10,14,63,0
10,14,64,0
10,14,65,0
10,14,66,0
10,14,67,0
10,14,68,0
10,14,69,0
10,14,70,0
10,15,1,0
10,15,2,0
10,15,3,0
10,15,4,0
10,15,5,0
10,15,6,0
10,15,7,0
10,15,8,0
10,15,9,0
10,15,10,0
10,15,11,0
10,15,12,0
10,15,13,0
10,15,14,0
10,15,15,0
10,15,16,0
10,15,17,0
10,15,18,0
10,15,19,0
10,15,20,0
10,15,21,0
10,15,22,0
10,15,23,0
10,15,24,0
10,15,25,0
10,15,26,0
10,15,27,0
10,15,28,0
10,15,29,0
10,15,30,0
10,15,31,0
10,15,32,0
10,15,33,0
10,15,34,0
10,15,35,0
10,15,36,0
10,15,37,0
10,15,38,0
10,15,39,0
10,15,40,0
10,15,41,0
10,15,42,0
10,15,43,0
10,15,44,0
10,15,45,0
10,15,46,0
10,15,47,0
10,15,48,0
10,15,49,0
10,15,50,0
10,15,51,0
10,15,52,0
10,15,53,0
10,15,54,0
10,15,55,0
10,15,56,0
10,15,57,0
10,15,58,0
10,15,59,0
10,15,60,0
10,15,61,0
10,15,62,0
10,15,63,0
10,15,64,0
10,15,65,0
10,15,66,0
10,15,67,0
10,15,68,0
10,15,69,0
10,15,70,0
10,20,1,0
10,20,2,0
10,20,3,0
10,20,4,0
10,20,5,0
10,20,6,0
10,20,7,0
10,20,8,0
10,20,9,0
10,20,10,0
10,20,11,0
10,20,12,0
10,20,13,0
10,20,14,0
10,20,15,0
10,20,16,0
10,20,17,0
10,20,18,0
10,20,19,0
10,20,20,0
10,20,21,0
10,20,22,0
10,20,23,0
10,20,24,0
10,20,25,0
10,20,26,0
10,20,27,0
10,20,28,0
10,20,29,0
10,20,30,0
10,20,31,0
10,20,32,0
10,20,33,0
10,20,34,0
10,20,35,0
10,20,36,0
10,20,37,0
10,20,38,1
10,20,39,0
10,20,40,0
10,20,41,0
10,20,42,0
10,20,43,0
10,20,44,0
10,20,45,0
10,20,46,0
10,20,47,0
10,20,48,0
10,20,49,0
10,20,50,0
10,20,51,0
10,20,52,0
10,20,53,0
10,20,54,0
10,20,55,0
10,20,56,0
10,20,57,0
10,20,58,0
10,20,59,0
10,20,60,0
10,20,61,0
10,20,62,0
10,20,63,0
10,20,64,0
10,20,65,0
10,20,66,0
10,20,67,0
10,20,68,0
10,20,69,0
10,20,70,0
10,21,1,0
10,21,2,0
10,21,3,0
10,21,4,0
10,21,5,1
10,21,6,0
10,21,7,1
10,21,8,0
10,21,9,0
10,21,10,0
10,21,11,0
10,21,12,0
10,21,13,0
10,21,14,0
10,21,15,0
10,21,16,0
10,21,17,0
10,21,18,1
10,21,19,0
10,21,20,0
10,21,21,1
10,21,22,0
10,21,23,0
10,21,24,0
10,21,25,0
10,21,26,0
10,21,27,0
10,21,28,1
10,21,29,0
10,21,30,0
10,21,31,1
10,21,32,0
10,21,33,0
10,21,34,0
10,21,35,0
10,21,36,0
10,21,37,0
10,21,38,0
10,21,39,0
10,21,40,0
10,21,41,0
10,21,42,0
10,21,43,0
10,21,44,0
10,21,45,1
10,21,46,0
10,21,47,0
10,21,48,0
10,21,49,0
10,21,50,0
10,21,51,0
10,21,52,0
10,21,53,1
10,21,54,0
10,21,55,0
10,21,56,0
10,21,57,1
10,21,58,0
10,21,59,0
10,21,60,0
10,21,61,0
10,21,62,0
10,21,63,1
10,21,64,0
10,21,65,0
10,21,66,0
10,21,67,0
10,21,68,0
10,21,69,0
10,21,70,0
1,18,,0
1,19,,0
2,18,,0
2,19,,0
3,18,,0
3,19,,0
4,18,,0
4,19,,0
5,18,,0
5,19,,0
6,18,,0
6,19,,0
7,18,,0
7,19,,0
8,18,,0
8,19,,0
9,18,,0
9,19,,0
10,18,,1
10,19,,0
,40,,0
,41,,0
,42,,0
,43,,0
,44,,0
,45,,0
,46,,0
,43,1,0
,43,2,0
,43,3,0
,43,4,0
,43,5,1
,43,6,1
,43,7,1
,43,8,1
,43,9,0
,43,10,1
,43,11,1
,43,12,1
,43,13,0
,43,14,1
,43,15,0
,43,16,1
,43,17,1
,43,18,0
,43,19,1
,43,20,0
,43,21,0
,43,22,1
,43,23,1
,43,24,1
,43,25,0
,43,26,1
,43,27,0
,43,28,1
,43,29,1
,43,30,0
,43,31,0
,43,32,1
,43,33,1
,43,34,0
,43,35,0
,43,36,1
,43,37,0
,43,38,0
,43,39,0
,43,40,0
,43,41,1
,43,42,1
,43,43,1
,43,44,1
,43,45,0
,43,46,1
,43,47,0
,43,48,0
,43,49,1
,43,50,0
,43,51,0
,43,52,1
,43,53,1
,43,54,0
,43,55,1
,43,56,0
,43,57,1
,43,58,1
,43,59,1
,43,60,0
,43,61,1
,43,62,1
,43,63,0
,43,64,1
,43,65,0
,43,66,1
,43,67,0
,43,68,0
,43,69,0
,43,70,0
