agent,jour,poste,value
1,1,1,0
1,1,2,0
1,1,3,0
1,1,4,0
1,1,5,1
1,1,6,0
1,2,1,1
1,2,2,0
1,2,3,0
1,2,4,0
1,2,5,0
1,2,6,0
1,3,1,0
1,3,2,1
1,3,3,0
1,3,4,0
1,3,5,0
1,3,6,0
1,4,1,0
1,4,2,0
1,4,3,0
1,4,4,0
1,4,5,0
1,4,6,1
1,5,1,0
1,5,2,0
1,5,3,0
1,5,4,0
1,5,5,0
1,5,6,1
1,6,1,0
1,6,2,0
1,6,3,0
1,6,4,1
1,6,5,0
1,6,6,0
1,7,1,0
1,7,2,0
1,7,3,0
1,7,4,1
1,7,5,0
1,7,6,0
1,8,1,0
1,8,2,0
1,8,3,0
1,8,4,1
1,8,5,0
1,8,6,0
1,9,1,0
1,9,2,0
1,9,3,0
1,9,4,1
1,9,5,0
1,9,6,0
1,10,1,1
1,10,2,0
1,10,3,0
1,10,4,0
1,10,5,0
1,10,6,0
1,11,1,0
1,11,2,0
1,11,3,0
1,11,4,0
1,11,5,0
1,11,6,1
1,12,1,0
1,12,2,1
1,12,3,0
1,12,4,0
1,12,5,0
1,12,6,0
1,13,1,0
1,13,2,1
1,13,3,0
1,13,4,0
1,13,5,0
1,13,6,0
1,14,1,0
1,14,2,1
1,14,3,0
1,14,4,0
1,14,5,0
1,14,6,0
1,15,1,0
1,15,2,0
1,15,3,0
1,15,4,0
1,15,5,0
1,15,6,1
1,16,1,0
1,16,2,0
1,16,3,0
1,16,4,0
1,16,5,0
1,16,6,1
1,17,1,0
1,17,2,0
1,17,3,0
1,17,4,0
1,17,5,1
1,17,6,0
1,18,1,0
1,18,2,0
1,18,3,0
1,18,4,0
1,18,5,1
1,18,6,0
1,19,1,0
1,19,2,0
1,19,3,0
1,19,4,0
1,19,5,1
1,19,6,0
1,20,1,1
1,20,2,0
1,20,3,0
1,20,4,0
1,20,5,0
1,20,6,0
1,21,1,0
1,21,2,0
1,21,3,0
1,21,4,0
1,21,5,0
1,21,6,1
1,22,1,1
1,22,2,0
1,22,3,0
1,22,4,0
1,22,5,0
1,22,6,0
1,23,1,0
1,23,2,0
1,23,3,0
1,23,4,0
1,23,5,0
1,23,6,1
1,24,1,0
1,24,2,0
1,24,3,0
1,24,4,1
1,24,5,0
1,24,6,0
1,25,1,0
1,25,2,0
1,25,3,0
1,25,4,1
1,25,5,0
1,25,6,0
1,26,1,0
1,26,2,0
1,26,3,0
1,26,4,1
1,26,5,0
1,26,6,0
1,27,1,0
1,27,2,0
1,27,3,0
1,27,4,1
1,27,5,0
1,27,6,0
1,28,1,1
1,28,2,0
1,28,3,0
1,28,4,0
1,28,5,0
1,28,6,0
1,29,1,0
1,29,2,0
1,29,3,0
1,29,4,0
1,29,5,0
1,29,6,1
1,30,1,0
1,30,2,0
1,30,3,0
1,30,4,0
1,30,5,0
1,30,6,1
1,31,1,0
1,31,2,0
1,31,3,0
1,31,4,0
1,31,5,1
1,31,6,0
1,32,1,1
1,32,2,0
1,32,3,0
1,32,4,0
1,32,5,0
1,32,6,0
1,33,1,1
1,33,2,0
1,33,3,0
1,33,4,0
1,33,5,0
1,33,6,0
1,34,1,1
1,34,2,0
1,34,3,0
1,34,4,0
1,34,5,0
1,34,6,0
1,35,1,0
1,35,2,0
1,35,3,0
1,35,4,0
1,35,5,0
1,35,6,1
1,36,1,0
1,36,2,0
1,36,3,1
1,36,4,0
1,36,5,0
1,36,6,0
1,37,1,0
1,37,2,0
1,37,3,1
1,37,4,0
1,37,5,0
1,37,6,0
1,38,1,0
1,38,2,0
1,38,3,0
1,38,4,0
1,38,5,0
1,38,6,1
1,39,1,1
1,39,2,0
1,39,3,0
1,39,4,0
1,39,5,0
1,39,6,0
1,40,1,0
1,40,2,0
1,40,3,0
1,40,4,1
1,40,5,0
1,40,6,0
1,41,1,0
1,41,2,0
1,41,3,0
1,41,4,1
1,41,5,0
1,41,6,0
1,42,1,0
1,42,2,0
1,42,3,0
1,42,4,1
1,42,5,0
1,42,6,0
1,43,1,1
1,43,2,0
1,43,3,0
1,43,4,0
1,43,5,0
1,43,6,0
1,44,1,1
1,44,2,0
1,44,3,0
1,44,4,0
1,44,5,0
1,44,6,0
1,45,1,0
1,45,2,0
1,45,3,0
1,45,4,0
1,45,5,0
1,45,6,1
1,46,1,0
1,46,2,0
1,46,3,0
1,46,4,0
1,46,5,0
1,46,6,1
1,47,1,0
1,47,2,0
1,47,3,1
1,47,4,0
1,47,5,0
1,47,6,0
1,48,1,0
1,48,2,0
1,48,3,0
1,48,4,0
1,48,5,0
1,48,6,1
1,49,1,0
1,49,2,1
1,49,3,0
1,49,4,0
1,49,5,0
1,49,6,0
1,50,1,1
1,50,2,0
1,50,3,0
1,50,4,0
1,50,5,0
1,50,6,0
1,51,1,0
1,51,2,0
1,51,3,0
1,51,4,0
1,51,5,0
1,51,6,1
1,52,1,0
1,52,2,0
1,52,3,0
1,52,4,0
1,52,5,1
1,52,6,0
1,53,1,0
1,53,2,0
1,53,3,0
1,53,4,0
1,53,5,1
1,53,6,0
1,54,1,0
1,54,2,0
1,54,3,0
1,54,4,0
1,54,5,1
1,54,6,0
1,55,1,0
1,55,2,0
1,55,3,0
1,55,4,0
1,55,5,0
1,55,6,1
1,56,1,0
1,56,2,0
1,56,3,0
1,56,4,0
1,56,5,0
1,56,6,1
1,57,1,0
1,57,2,0
1,57,3,0
1,57,4,1
1,57,5,0
1,57,6,0
1,58,1,0
1,58,2,0
1,58,3,0
1,58,4,1
1,58,5,0
1,58,6,0
1,59,1,0
1,59,2,0
1,59,3,0
1,59,4,1
1,59,5,0
1,59,6,0
1,60,1,1
1,60,2,0
1,60,3,0
1,60,4,0
1,60,5,0
1,60,6,0
1,61,1,1
1,61,2,0
1,61,3,0
1,61,4,0
1,61,5,0
1,61,6,0
1,62,1,0
1,62,2,0
1,62,3,0
1,62,4,0
1,62,5,0
1,62,6,1
1,63,1,0
1,63,2,1
1,63,3,0
1,63,4,0
1,63,5,0
1,63,6,0
1,64,1,0
1,64,2,1
1,64,3,0
1,64,4,0
1,64,5,0
1,64,6,0
1,65,1,0
1,65,2,1
1,65,3,0
1,65,4,0
1,65,5,0
1,65,6,0
1,66,1,0
1,66,2,1
1,66,3,0
1,66,4,0
1,66,5,0
1,66,6,0
1,67,1,1
1,67,2,0
1,67,3,0
1,67,4,0
1,67,5,0
1,67,6,0
1,68,1,0
1,68,2,0
1,68,3,0
1,68,4,0
1,68,5,0
1,68,6,1
1,69,1,0
1,69,2,0
1,69,3,0
1,69,4,0
1,69,5,0
1,69,6,1
1,70,1,0
1,70,2,0
1,70,3,0
1,70,4,0
1,70,5,1
1,70,6,0
1,71,1,0
1,71,2,0
1,71,3,0
1,71,4,0
1,71,5,1
1,71,6,0
1,72,1,0
1,72,2,0
1,72,3,0
1,72,4,0
1,72,5,1
1,72,6,0
1,73,1,0
1,73,2,0
1,73,3,0
1,73,4,0
1,73,5,1
1,73,6,0
1,74,1,1
1,74,2,0
1,74,3,0
1,74,4,0
1,74,5,0
1,74,6,0
1,75,1,0
1,75,2,0
1,75,3,0
1,75,4,0
1,75,5,0
1,75,6,1
1,76,1,0
1,76,2,0
1,76,3,0
1,76,4,0
1,76,5,0
1,76,6,1
1,77,1,1
1,77,2,0
1,77,3,0
1,77,4,0
1,77,5,0
1,77,6,0
1,78,1,0
1,78,2,1
1,78,3,0
1,78,4,0
1,78,5,0
1,78,6,0
1,79,1,0
1,79,2,1
1,79,3,0
1,79,4,0
1,79,5,0
1,79,6,0
1,80,1,1
1,80,2,0
1,80,3,0
1,80,4,0
1,80,5,0
1,80,6,0
1,81,1,0
1,81,2,0
1,81,3,0
1,81,4,0
1,81,5,0
1,81,6,1
1,82,1,0
1,82,2,0
1,82,3,0
1,82,4,0
1,82,5,0
1,82,6,1
1,83,1,1
1,83,2,0
1,83,3,0
1,83,4,0
1,83,5,0
1,83,6,0
1,84,1,0
1,84,2,0
1,84,3,0
1,84,4,0
1,84,5,1
1,84,6,0
2,1,1,0
2,1,2,0
2,1,3,1
2,1,4,0
2,1,5,0
2,1,6,0
2,2,1,0
2,2,2,1
2,2,3,0
2,2,4,0
2,2,5,0
2,2,6,0
2,3,1,0
2,3,2,1
2,3,3,0
2,3,4,0
2,3,5,0
2,3,6,0
2,4,1,0
2,4,2,0
2,4,3,0
2,4,4,1
2,4,5,0
2,4,6,0
2,5,1,0
2,5,2,0
2,5,3,0
2,5,4,1
2,5,5,0
2,5,6,0
2,6,1,0
2,6,2,0
2,6,3,0
2,6,4,0
2,6,5,0
2,6,6,1
2,7,1,0
2,7,2,1
2,7,3,0
2,7,4,0
2,7,5,0
2,7,6,0
2,8,1,0
2,8,2,1
2,8,3,0
2,8,4,0
2,8,5,0
2,8,6,0
2,9,1,0
2,9,2,1
2,9,3,0
2,9,4,0
2,9,5,0
2,9,6,0
2,10,1,0
2,10,2,1
2,10,3,0
2,10,4,0
2,10,5,0
2,10,6,0
2,11,1,0
2,11,2,0
2,11,3,0
2,11,4,1
2,11,5,0
2,11,6,0
2,12,1,0
2,12,2,0
2,12,3,0
2,12,4,0
2,12,5,0
2,12,6,1
2,13,1,0
2,13,2,0
2,13,3,0
2,13,4,0
2,13,5,0
2,13,6,1
2,14,1,1
2,14,2,0
2,14,3,0
2,14,4,0
2,14,5,0
2,14,6,0
2,15,1,1
2,15,2,0
2,15,3,0
2,15,4,0
2,15,5,0
2,15,6,0
2,16,1,0
2,16,2,0
2,16,3,0
2,16,4,0
2,16,5,0
2,16,6,1
2,17,1,0
2,17,2,1
2,17,3,0
2,17,4,0
2,17,5,0
2,17,6,0
2,18,1,0
2,18,2,1
2,18,3,0
2,18,4,0
2,18,5,0
2,18,6,0
2,19,1,0
2,19,2,0
2,19,3,0
2,19,4,0
2,19,5,0
2,19,6,1
2,20,1,0
2,20,2,0
2,20,3,0
2,20,4,0
2,20,5,1
2,20,6,0
2,21,1,1
2,21,2,0
2,21,3,0
2,21,4,0
2,21,5,0
2,21,6,0
2,22,1,0
2,22,2,0
2,22,3,0
2,22,4,0
2,22,5,0
2,22,6,1
2,23,1,0
2,23,2,1
2,23,3,0
2,23,4,0
2,23,5,0
2,23,6,0
2,24,1,0
2,24,2,1
2,24,3,0
2,24,4,0
2,24,5,0
2,24,6,0
2,25,1,1
2,25,2,0
2,25,3,0
2,25,4,0
2,25,5,0
2,25,6,0
2,26,1,1
2,26,2,0
2,26,3,0
2,26,4,0
2,26,5,0
2,26,6,0
2,27,1,0
2,27,2,0
2,27,3,0
2,27,4,0
2,27,5,0
2,27,6,1
2,28,1,0
2,28,2,0
2,28,3,0
2,28,4,0
2,28,5,1
2,28,6,0
2,29,1,1
2,29,2,0
2,29,3,0
2,29,4,0
2,29,5,0
2,29,6,0
2,30,1,1
2,30,2,0
2,30,3,0
2,30,4,0
2,30,5,0
2,30,6,0
2,31,1,0
2,31,2,0
2,31,3,0
2,31,4,0
2,31,5,0
2,31,6,1
2,32,1,0
2,32,2,0
2,32,3,0
2,32,4,0
2,32,5,1
2,32,6,0
2,33,1,1
2,33,2,0
2,33,3,0
2,33,4,0
2,33,5,0
2,33,6,0
2,34,1,0
2,34,2,0
2,34,3,0
2,34,4,0
2,34,5,0
2,34,6,1
2,35,1,0
2,35,2,0
2,35,3,0
2,35,4,0
2,35,5,0
2,35,6,1
2,36,1,0
2,36,2,0
2,36,3,0
2,36,4,0
2,36,5,1
2,36,6,0
2,37,1,0
2,37,2,0
2,37,3,0
2,37,4,0
2,37,5,1
2,37,6,0
2,38,1,0
2,38,2,0
2,38,3,0
2,38,4,0
2,38,5,1
2,38,6,0
2,39,1,0
2,39,2,0
2,39,3,0
2,39,4,0
2,39,5,0
2,39,6,1
2,40,1,0
2,40,2,1
2,40,3,0
2,40,4,0
2,40,5,0
2,40,6,0
2,41,1,0
2,41,2,1
2,41,3,0
2,41,4,0
2,41,5,0
2,41,6,0
2,42,1,0
2,42,2,0
2,42,3,0
2,42,4,0
2,42,5,0
2,42,6,1
2,43,1,0
2,43,2,0
2,43,3,0
2,43,4,0
2,43,5,0
2,43,6,1
2,44,1,0
2,44,2,0
2,44,3,0
2,44,4,0
2,44,5,1
2,44,6,0
2,45,1,1
2,45,2,0
2,45,3,0
2,45,4,0
2,45,5,0
2,45,6,0
2,46,1,0
2,46,2,0
2,46,3,0
2,46,4,0
2,46,5,1
2,46,6,0
2,47,1,0
2,47,2,0
2,47,3,0
2,47,4,0
2,47,5,1
2,47,6,0
2,48,1,1
2,48,2,0
2,48,3,0
2,48,4,0
2,48,5,0
2,48,6,0
2,49,1,0
2,49,2,0
2,49,3,0
2,49,4,0
2,49,5,0
2,49,6,1
2,50,1,0
2,50,2,0
2,50,3,0
2,50,4,0
2,50,5,0
2,50,6,1
2,51,1,0
2,51,2,0
2,51,3,0
2,51,4,0
2,51,5,1
2,51,6,0
2,52,1,0
2,52,2,0
2,52,3,0
2,52,4,0
2,52,5,1
2,52,6,0
2,53,1,0
2,53,2,0
2,53,3,0
2,53,4,0
2,53,5,1
2,53,6,0
2,54,1,1
2,54,2,0
2,54,3,0
2,54,4,0
2,54,5,0
2,54,6,0
2,55,1,1
2,55,2,0
2,55,3,0
2,55,4,0
2,55,5,0
2,55,6,0
2,56,1,0
2,56,2,0
2,56,3,0
2,56,4,0
2,56,5,0
2,56,6,1
2,57,1,0
2,57,2,0
2,57,3,0
2,57,4,0
2,57,5,0
2,57,6,1
2,58,1,0
2,58,2,0
2,58,3,1
2,58,4,0
2,58,5,0
2,58,6,0
2,59,1,0
2,59,2,0
2,59,3,1
2,59,4,0
2,59,5,0
2,59,6,0
2,60,1,0
2,60,2,1
2,60,3,0
2,60,4,0
2,60,5,0
2,60,6,0
2,61,1,0
2,61,2,0
2,61,3,0
2,61,4,1
2,61,5,0
2,61,6,0
2,62,1,0
2,62,2,0
2,62,3,0
2,62,4,1
2,62,5,0
2,62,6,0
2,63,1,0
2,63,2,0
2,63,3,0
2,63,4,0
2,63,5,0
2,63,6,1
2,64,1,0
2,64,2,0
2,64,3,0
2,64,4,0
2,64,5,0
2,64,6,1
2,65,1,1
2,65,2,0
2,65,3,0
2,65,4,0
2,65,5,0
2,65,6,0
2,66,1,0
2,66,2,1
2,66,3,0
2,66,4,0
2,66,5,0
2,66,6,0
2,67,1,0
2,67,2,1
2,67,3,0
2,67,4,0
2,67,5,0
2,67,6,0
2,68,1,0
2,68,2,0
2,68,3,0
2,68,4,0
2,68,5,1
2,68,6,0
2,69,1,0
2,69,2,0
2,69,3,0
2,69,4,0
2,69,5,1
2,69,6,0
2,70,1,0
2,70,2,0
2,70,3,0
2,70,4,0
2,70,5,0
2,70,6,1
2,71,1,0
2,71,2,0
2,71,3,0
2,71,4,0
2,71,5,0
2,71,6,1
2,72,1,0
2,72,2,1
2,72,3,0
2,72,4,0
2,72,5,0
2,72,6,0
2,73,1,0
2,73,2,1
2,73,3,0
2,73,4,0
2,73,5,0
2,73,6,0
2,74,1,0
2,74,2,1
2,74,3,0
2,74,4,0
2,74,5,0
2,74,6,0
2,75,1,0
2,75,2,0
2,75,3,0
2,75,4,0
2,75,5,1
2,75,6,0
2,76,1,0
2,76,2,0
2,76,3,0
2,76,4,0
2,76,5,1
2,76,6,0
2,77,1,0
2,77,2,0
2,77,3,0
2,77,4,0
2,77,5,0
2,77,6,1
2,78,1,0
2,78,2,0
2,78,3,0
2,78,4,0
2,78,5,0
2,78,6,1
2,79,1,1
2,79,2,0
2,79,3,0
2,79,4,0
2,79,5,0
2,79,6,0
2,80,1,0
2,80,2,0
2,80,3,0
2,80,4,1
2,80,5,0
2,80,6,0
2,81,1,0
2,81,2,0
2,81,3,0
2,81,4,1
2,81,5,0
2,81,6,0
2,82,1,0
2,82,2,0
2,82,3,0
2,82,4,0
2,82,5,1
2,82,6,0
2,83,1,0
2,83,2,0
2,83,3,0
2,83,4,0
2,83,5,1
2,83,6,0
2,84,1,0
2,84,2,0
2,84,3,0
2,84,4,0
2,84,5,0
2,84,6,1
3,1,1,0
3,1,2,0
3,1,3,0
3,1,4,1
3,1,5,0
3,1,6,0
3,2,1,0
3,2,2,0
3,2,3,1
3,2,4,0
3,2,5,0
3,2,6,0
3,3,1,0
3,3,2,0
3,3,3,0
3,3,4,0
3,3,5,0
3,3,6,1
3,4,1,1
3,4,2,0
3,4,3,0
3,4,4,0
3,4,5,0
3,4,6,0
3,5,1,1
3,5,2,0
3,5,3,0
3,5,4,0
3,5,5,0
3,5,6,0
3,6,1,0
3,6,2,1
3,6,3,0
3,6,4,0
3,6,5,0
3,6,6,0
3,7,1,0
3,7,2,1
3,7,3,0
3,7,4,0
3,7,5,0
3,7,6,0
3,8,1,0
3,8,2,0
3,8,3,0
3,8,4,0
3,8,5,0
3,8,6,1
3,9,1,1
3,9,2,0
3,9,3,0
3,9,4,0
3,9,5,0
3,9,6,0
3,10,1,1
3,10,2,0
3,10,3,0
3,10,4,0
3,10,5,0
3,10,6,0
3,11,1,1
3,11,2,0
3,11,3,0
3,11,4,0
3,11,5,0
3,11,6,0
3,12,1,0
3,12,2,0
3,12,3,0
3,12,4,0
3,12,5,0
3,12,6,1
3,13,1,0
3,13,2,0
3,13,3,0
3,13,4,0
3,13,5,0
3,13,6,1
3,14,1,0
3,14,2,0
3,14,3,0
3,14,4,1
3,14,5,0
3,14,6,0
3,15,1,0
3,15,2,0
3,15,3,0
3,15,4,1
3,15,5,0
3,15,6,0
3,16,1,1
3,16,2,0
3,16,3,0
3,16,4,0
3,16,5,0
3,16,6,0
3,17,1,1
3,17,2,0
3,17,3,0
3,17,4,0
3,17,5,0
3,17,6,0
3,18,1,0
3,18,2,0
3,18,3,0
3,18,4,0
3,18,5,0
3,18,6,1
3,19,1,0
3,19,2,1
3,19,3,0
3,19,4,0
3,19,5,0
3,19,6,0
3,20,1,1
3,20,2,0
3,20,3,0
3,20,4,0
3,20,5,0
3,20,6,0
3,21,1,0
3,21,2,0
3,21,3,0
3,21,4,0
3,21,5,0
3,21,6,1
3,22,1,0
3,22,2,0
3,22,3,0
3,22,4,0
3,22,5,1
3,22,6,0
3,23,1,0
3,23,2,0
3,23,3,0
3,23,4,0
3,23,5,1
3,23,6,0
3,24,1,1
3,24,2,0
3,24,3,0
3,24,4,0
3,24,5,0
3,24,6,0
3,25,1,0
3,25,2,0
3,25,3,0
3,25,4,0
3,25,5,0
3,25,6,1
3,26,1,0
3,26,2,0
3,26,3,0
3,26,4,0
3,26,5,0
3,26,6,1
3,27,1,0
3,27,2,0
3,27,3,0
3,27,4,0
3,27,5,0
3,27,6,1
3,28,1,0
3,28,2,0
3,28,3,0
3,28,4,0
3,28,5,1
3,28,6,0
3,29,1,0
3,29,2,0
3,29,3,0
3,29,4,0
3,29,5,1
3,29,6,0
3,30,1,0
3,30,2,0
3,30,3,0
3,30,4,0
3,30,5,1
3,30,6,0
3,31,1,1
3,31,2,0
3,31,3,0
3,31,4,0
3,31,5,0
3,31,6,0
3,32,1,1
3,32,2,0
3,32,3,0
3,32,4,0
3,32,5,0
3,32,6,0
3,33,1,0
3,33,2,0
3,33,3,0
3,33,4,0
3,33,5,0
3,33,6,1
3,34,1,0
3,34,2,0
3,34,3,0
3,34,4,0
3,34,5,0
3,34,6,1
3,35,1,0
3,35,2,0
3,35,3,0
3,35,4,0
3,35,5,1
3,35,6,0
3,36,1,0
3,36,2,0
3,36,3,0
3,36,4,0
3,36,5,1
3,36,6,0
3,37,1,1
3,37,2,0
3,37,3,0
3,37,4,0
3,37,5,0
3,37,6,0
3,38,1,0
3,38,2,0
3,38,3,0
3,38,4,0
3,38,5,0
3,38,6,1
3,39,1,1
3,39,2,0
3,39,3,0
3,39,4,0
3,39,5,0
3,39,6,0
3,40,1,0
3,40,2,0
3,40,3,0
3,40,4,0
3,40,5,0
3,40,6,1
3,41,1,1
3,41,2,0
3,41,3,0
3,41,4,0
3,41,5,0
3,41,6,0
3,42,1,0
3,42,2,0
3,42,3,0
3,42,4,0
3,42,5,1
3,42,6,0
3,43,1,0
3,43,2,0
3,43,3,0
3,43,4,0
3,43,5,1
3,43,6,0
3,44,1,0
3,44,2,0
3,44,3,0
3,44,4,0
3,44,5,0
3,44,6,1
3,45,1,0
3,45,2,1
3,45,3,0
3,45,4,0
3,45,5,0
3,45,6,0
3,46,1,0
3,46,2,1
3,46,3,0
3,46,4,0
3,46,5,0
3,46,6,0
3,47,1,0
3,47,2,0
3,47,3,0
3,47,4,0
3,47,5,0
3,47,6,1
3,48,1,0
3,48,2,0
3,48,3,0
3,48,4,0
3,48,5,1
3,48,6,0
3,49,1,0
3,49,2,0
3,49,3,0
3,49,4,0
3,49,5,1
3,49,6,0
3,50,1,0
3,50,2,0
3,50,3,0
3,50,4,0
3,50,5,0
3,50,6,1
3,51,1,0
3,51,2,0
3,51,3,0
3,51,4,1
3,51,5,0
3,51,6,0
3,52,1,0
3,52,2,0
3,52,3,0
3,52,4,1
3,52,5,0
3,52,6,0
3,53,1,0
3,53,2,0
3,53,3,0
3,53,4,1
3,53,5,0
3,53,6,0
3,54,1,0
3,54,2,0
3,54,3,0
3,54,4,0
3,54,5,0
3,54,6,1
3,55,1,1
3,55,2,0
3,55,3,0
3,55,4,0
3,55,5,0
3,55,6,0
3,56,1,0
3,56,2,1
3,56,3,0
3,56,4,0
3,56,5,0
3,56,6,0
3,57,1,0
3,57,2,1
3,57,3,0
3,57,4,0
3,57,5,0
3,57,6,0
3,58,1,1
3,58,2,0
3,58,3,0
3,58,4,0
3,58,5,0
3,58,6,0
3,59,1,0
3,59,2,0
3,59,3,0
3,59,4,0
3,59,5,0
3,59,6,1
3,60,1,0
3,60,2,0
3,60,3,1
3,60,4,0
3,60,5,0
3,60,6,0
3,61,1,0
3,61,2,0
3,61,3,1
3,61,4,0
3,61,5,0
3,61,6,0
3,62,1,0
3,62,2,0
3,62,3,0
3,62,4,0
3,62,5,1
3,62,6,0
3,63,1,0
3,63,2,0
3,63,3,0
3,63,4,0
3,63,5,0
3,63,6,1
3,64,1,1
3,64,2,0
3,64,3,0
3,64,4,0
3,64,5,0
3,64,6,0
3,65,1,0
3,65,2,1
3,65,3,0
3,65,4,0
3,65,5,0
3,65,6,0
3,66,1,0
3,66,2,0
3,66,3,0
3,66,4,0
3,66,5,0
3,66,6,1
3,67,1,0
3,67,2,1
3,67,3,0
3,67,4,0
3,67,5,0
3,67,6,0
3,68,1,0
3,68,2,1
3,68,3,0
3,68,4,0
3,68,5,0
3,68,6,0
3,69,1,0
3,69,2,0
3,69,3,0
3,69,4,0
3,69,5,0
3,69,6,1
3,70,1,0
3,70,2,0
3,70,3,0
3,70,4,1
3,70,5,0
3,70,6,0
3,71,1,0
3,71,2,0
3,71,3,0
3,71,4,1
3,71,5,0
3,71,6,0
3,72,1,0
3,72,2,0
3,72,3,1
3,72,4,0
3,72,5,0
3,72,6,0
3,73,1,0
3,73,2,0
3,73,3,0
3,73,4,0
3,73,5,0
3,73,6,1
3,74,1,0
3,74,2,0
3,74,3,0
3,74,4,0
3,74,5,0
3,74,6,1
3,75,1,0
3,75,2,1
3,75,3,0
3,75,4,0
3,75,5,0
3,75,6,0
3,76,1,0
3,76,2,1
3,76,3,0
3,76,4,0
3,76,5,0
3,76,6,0
3,77,1,0
3,77,2,0
3,77,3,0
3,77,4,0
3,77,5,1
3,77,6,0
3,78,1,1
3,78,2,0
3,78,3,0
3,78,4,0
3,78,5,0
3,78,6,0
3,79,1,0
3,79,2,0
3,79,3,0
3,79,4,0
3,79,5,0
3,79,6,1
3,80,1,1
3,80,2,0
3,80,3,0
3,80,4,0
3,80,5,0
3,80,6,0
3,81,1,1
3,81,2,0
3,81,3,0
3,81,4,0
3,81,5,0
3,81,6,0
3,82,1,0
3,82,2,1
3,82,3,0
3,82,4,0
3,82,5,0
3,82,6,0
3,83,1,0
3,83,2,1
3,83,3,0
3,83,4,0
3,83,5,0
3,83,6,0
3,84,1,0
3,84,2,1
3,84,3,0
3,84,4,0
3,84,5,0
3,84,6,0
4,1,1,1
4,1,2,0
4,1,3,0
4,1,4,0
4,1,5,0
4,1,6,0
4,2,1,1
4,2,2,0
4,2,3,0
4,2,4,0
4,2,5,0
4,2,6,0
4,3,1,1
4,3,2,0
4,3,3,0
4,3,4,0
4,3,5,0
4,3,6,0
4,4,1,0
4,4,2,1
4,4,3,0
4,4,4,0
4,4,5,0
4,4,6,0
4,5,1,0
4,5,2,1
4,5,3,0
4,5,4,0
4,5,5,0
4,5,6,0
4,6,1,0
4,6,2,0
4,6,3,0
4,6,4,0
4,6,5,0
4,6,6,1
4,7,1,0
4,7,2,0
4,7,3,0
4,7,4,0
4,7,5,0
4,7,6,1
4,8,1,0
4,8,2,0
4,8,3,0
4,8,4,0
4,8,5,1
4,8,6,0
4,9,1,0
4,9,2,0
4,9,3,0
4,9,4,0
4,9,5,0
4,9,6,1
4,10,1,0
4,10,2,0
4,10,3,1
4,10,4,0
4,10,5,0
4,10,6,0
4,11,1,0
4,11,2,0
4,11,3,1
4,11,4,0
4,11,5,0
4,11,6,0
4,12,1,0
4,12,2,0
4,12,3,1
4,12,4,0
4,12,5,0
4,12,6,0
4,13,1,1
4,13,2,0
4,13,3,0
4,13,4,0
4,13,5,0
4,13,6,0
4,14,1,0
4,14,2,0
4,14,3,0
4,14,4,0
4,14,5,0
4,14,6,1
4,15,1,0
4,15,2,1
4,15,3,0
4,15,4,0
4,15,5,0
4,15,6,0
4,16,1,0
4,16,2,1
4,16,3,0
4,16,4,0
4,16,5,0
4,16,6,0
4,17,1,1
4,17,2,0
4,17,3,0
4,17,4,0
4,17,5,0
4,17,6,0
4,18,1,0
4,18,2,0
4,18,3,0
4,18,4,0
4,18,5,0
4,18,6,1
4,19,1,1
4,19,2,0
4,19,3,0
4,19,4,0
4,19,5,0
4,19,6,0
4,20,1,0
4,20,2,1
4,20,3,0
4,20,4,0
4,20,5,0
4,20,6,0
4,21,1,1
4,21,2,0
4,21,3,0
4,21,4,0
4,21,5,0
4,21,6,0
4,22,1,0
4,22,2,0
4,22,3,0
4,22,4,0
4,22,5,0
4,22,6,1
4,23,1,0
4,23,2,0
4,23,3,0
4,23,4,0
4,23,5,0
4,23,6,1
4,24,1,0
4,24,2,0
4,24,3,0
4,24,4,0
4,24,5,1
4,24,6,0
4,25,1,1
4,25,2,0
4,25,3,0
4,25,4,0
4,25,5,0
4,25,6,0
4,26,1,0
4,26,2,0
4,26,3,0
4,26,4,0
4,26,5,1
4,26,6,0
4,27,1,0
4,27,2,0
4,27,3,0
4,27,4,0
4,27,5,1
4,27,6,0
4,28,1,0
4,28,2,0
4,28,3,0
4,28,4,0
4,28,5,0
4,28,6,1
4,29,1,0
4,29,2,0
4,29,3,1
4,29,4,0
4,29,5,0
4,29,6,0
4,30,1,0
4,30,2,0
4,30,3,0
4,30,4,0
4,30,5,0
4,30,6,1
4,31,1,0
4,31,2,0
4,31,3,0
4,31,4,0
4,31,5,0
4,31,6,1
4,32,1,0
4,32,2,0
4,32,3,0
4,32,4,0
4,32,5,1
4,32,6,0
4,33,1,0
4,33,2,0
4,33,3,0
4,33,4,0
4,33,5,1
4,33,6,0
4,34,1,1
4,34,2,0
4,34,3,0
4,34,4,0
4,34,5,0
4,34,6,0
4,35,1,0
4,35,2,0
4,35,3,0
4,35,4,0
4,35,5,1
4,35,6,0
4,36,1,0
4,36,2,0
4,36,3,0
4,36,4,0
4,36,5,0
4,36,6,1
4,37,1,0
4,37,2,0
4,37,3,0
4,37,4,0
4,37,5,0
4,37,6,1
4,38,1,0
4,38,2,0
4,38,3,1
4,38,4,0
4,38,5,0
4,38,6,0
4,39,1,0
4,39,2,0
4,39,3,1
4,39,4,0
4,39,5,0
4,39,6,0
4,40,1,0
4,40,2,0
4,40,3,1
4,40,4,0
4,40,5,0
4,40,6,0
4,41,1,1
4,41,2,0
4,41,3,0
4,41,4,0
4,41,5,0
4,41,6,0
4,42,1,0
4,42,2,0
4,42,3,0
4,42,4,0
4,42,5,0
4,42,6,1
4,43,1,0
4,43,2,1
4,43,3,0
4,43,4,0
4,43,5,0
4,43,6,0
4,44,1,0
4,44,2,1
4,44,3,0
4,44,4,0
4,44,5,0
4,44,6,0
4,45,1,0
4,45,2,1
4,45,3,0
4,45,4,0
4,45,5,0
4,45,6,0
4,46,1,1
4,46,2,0
4,46,3,0
4,46,4,0
4,46,5,0
4,46,6,0
4,47,1,0
4,47,2,0
4,47,3,0
4,47,4,0
4,47,5,0
4,47,6,1
4,48,1,0
4,48,2,1
4,48,3,0
4,48,4,0
4,48,5,0
4,48,6,0
4,49,1,0
4,49,2,1
4,49,3,0
4,49,4,0
4,49,5,0
4,49,6,0
4,50,1,0
4,50,2,1
4,50,3,0
4,50,4,0
4,50,5,0
4,50,6,0
4,51,1,0
4,51,2,0
4,51,3,0
4,51,4,0
4,51,5,0
4,51,6,1
4,52,1,0
4,52,2,0
4,52,3,0
4,52,4,0
4,52,5,0
4,52,6,1
4,53,1,0
4,53,2,1
4,53,3,0
4,53,4,0
4,53,5,0
4,53,6,0
4,54,1,0
4,54,2,0
4,54,3,0
4,54,4,0
4,54,5,1
4,54,6,0
4,55,1,0
4,55,2,0
4,55,3,0
4,55,4,0
4,55,5,1
4,55,6,0
4,56,1,0
4,56,2,0
4,56,3,0
4,56,4,0
4,56,5,0
4,56,6,1
4,57,1,1
4,57,2,0
4,57,3,0
4,57,4,0
4,57,5,0
4,57,6,0
4,58,1,1
4,58,2,0
4,58,3,0
4,58,4,0
4,58,5,0
4,58,6,0
4,59,1,0
4,59,2,0
4,59,3,0
4,59,4,0
4,59,5,0
4,59,6,1
4,60,1,0
4,60,2,0
4,60,3,0
4,60,4,0
4,60,5,1
4,60,6,0
4,61,1,0
4,61,2,0
4,61,3,0
4,61,4,0
4,61,5,1
4,61,6,0
4,62,1,1
4,62,2,0
4,62,3,0
4,62,4,0
4,62,5,0
4,62,6,0
4,63,1,0
4,63,2,0
4,63,3,0
4,63,4,0
4,63,5,0
4,63,6,1
4,64,1,0
4,64,2,1
4,64,3,0
4,64,4,0
4,64,5,0
4,64,6,0
4,65,1,1
4,65,2,0
4,65,3,0
4,65,4,0
4,65,5,0
4,65,6,0
4,66,1,0
4,66,2,0
4,66,3,0
4,66,4,0
4,66,5,0
4,66,6,1
4,67,1,1
4,67,2,0
4,67,3,0
4,67,4,0
4,67,5,0
4,67,6,0
4,68,1,0
4,68,2,1
4,68,3,0
4,68,4,0
4,68,5,0
4,68,6,0
4,69,1,0
4,69,2,1
4,69,3,0
4,69,4,0
4,69,5,0
4,69,6,0
4,70,1,0
4,70,2,1
4,70,3,0
4,70,4,0
4,70,5,0
4,70,6,0
4,71,1,0
4,71,2,0
4,71,3,0
4,71,4,0
4,71,5,0
4,71,6,1
4,72,1,0
4,72,2,0
4,72,3,0
4,72,4,0
4,72,5,0
4,72,6,1
4,73,1,1
4,73,2,0
4,73,3,0
4,73,4,0
4,73,5,0
4,73,6,0
4,74,1,0
4,74,2,0
4,74,3,0
4,74,4,0
4,74,5,1
4,74,6,0
4,75,1,1
4,75,2,0
4,75,3,0
4,75,4,0
4,75,5,0
4,75,6,0
4,76,1,1
4,76,2,0
4,76,3,0
4,76,4,0
4,76,5,0
4,76,6,0
4,77,1,0
4,77,2,1
4,77,3,0
4,77,4,0
4,77,5,0
4,77,6,0
4,78,1,0
4,78,2,1
4,78,3,0
4,78,4,0
4,78,5,0
4,78,6,0
4,79,1,0
4,79,2,0
4,79,3,0
4,79,4,0
4,79,5,0
4,79,6,1
4,80,1,0
4,80,2,0
4,80,3,0
4,80,4,0
4,80,5,0
4,80,6,1
4,81,1,1
4,81,2,0
4,81,3,0
4,81,4,0
4,81,5,0
4,81,6,0
4,82,1,0
4,82,2,0
4,82,3,0
4,82,4,0
4,82,5,1
4,82,6,0
4,83,1,1
4,83,2,0
4,83,3,0
4,83,4,0
4,83,5,0
4,83,6,0
4,84,1,0
4,84,2,1
4,84,3,0
4,84,4,0
4,84,5,0
4,84,6,0
5,1,1,0
5,1,2,1
5,1,3,0
5,1,4,0
5,1,5,0
5,1,6,0
5,2,1,0
5,2,2,1
5,2,3,0
5,2,4,0
5,2,5,0
5,2,6,0
5,3,1,0
5,3,2,0
5,3,3,1
5,3,4,0
5,3,5,0
5,3,6,0
5,4,1,0
5,4,2,0
5,4,3,1
5,4,4,0
5,4,5,0
5,4,6,0
5,5,1,0
5,5,2,0
5,5,3,1
5,5,4,0
5,5,5,0
5,5,6,0
5,6,1,1
5,6,2,0
5,6,3,0
5,6,4,0
5,6,5,0
5,6,6,0
5,7,1,0
5,7,2,0
5,7,3,0
5,7,4,0
5,7,5,0
5,7,6,1
5,8,1,0
5,8,2,0
5,8,3,0
5,8,4,0
5,8,5,0
5,8,6,1
5,9,1,1
5,9,2,0
5,9,3,0
5,9,4,0
5,9,5,0
5,9,6,0
5,10,1,1
5,10,2,0
5,10,3,0
5,10,4,0
5,10,5,0
5,10,6,0
5,11,1,0
5,11,2,0
5,11,3,0
5,11,4,0
5,11,5,1
5,11,6,0
5,12,1,0
5,12,2,0
5,12,3,0
5,12,4,0
5,12,5,1
5,12,6,0
5,13,1,1
5,13,2,0
5,13,3,0
5,13,4,0
5,13,5,0
5,13,6,0
5,14,1,0
5,14,2,0
5,14,3,0
5,14,4,0
5,14,5,0
5,14,6,1
5,15,1,0
5,15,2,0
5,15,3,0
5,15,4,0
5,15,5,0
5,15,6,1
5,16,1,0
5,16,2,1
5,16,3,0
5,16,4,0
5,16,5,0
5,16,6,0
5,17,1,1
5,17,2,0
5,17,3,0
5,17,4,0
5,17,5,0
5,17,6,0
5,18,1,0
5,18,2,0
5,18,3,0
5,18,4,0
5,18,5,0
5,18,6,1
5,19,1,0
5,19,2,0
5,19,3,1
5,19,4,0
5,19,5,0
5,19,6,0
5,20,1,1
5,20,2,0
5,20,3,0
5,20,4,0
5,20,5,0
5,20,6,0
5,21,1,0
5,21,2,0
5,21,3,0
5,21,4,0
5,21,5,0
5,21,6,1
5,22,1,0
5,22,2,1
5,22,3,0
5,22,4,0
5,22,5,0
5,22,6,0
5,23,1,0
5,23,2,1
5,23,3,0
5,23,4,0
5,23,5,0
5,23,6,0
5,24,1,1
5,24,2,0
5,24,3,0
5,24,4,0
5,24,5,0
5,24,6,0
5,25,1,0
5,25,2,1
5,25,3,0
5,25,4,0
5,25,5,0
5,25,6,0
5,26,1,0
5,26,2,1
5,26,3,0
5,26,4,0
5,26,5,0
5,26,6,0
5,27,1,0
5,27,2,1
5,27,3,0
5,27,4,0
5,27,5,0
5,27,6,0
5,28,1,0
5,28,2,0
5,28,3,0
5,28,4,0
5,28,5,0
5,28,6,1
5,29,1,0
5,29,2,0
5,29,3,0
5,29,4,0
5,29,5,0
5,29,6,1
5,30,1,1
5,30,2,0
5,30,3,0
5,30,4,0
5,30,5,0
5,30,6,0
5,31,1,1
5,31,2,0
5,31,3,0
5,31,4,0
5,31,5,0
5,31,6,0
5,32,1,0
5,32,2,0
5,32,3,1
5,32,4,0
5,32,5,0
5,32,6,0
5,33,1,0
5,33,2,0
5,33,3,1
5,33,4,0
5,33,5,0
5,33,6,0
5,34,1,0
5,34,2,0
5,34,3,0
5,34,4,0
5,34,5,0
5,34,6,1
5,35,1,0
5,35,2,0
5,35,3,0
5,35,4,1
5,35,5,0
5,35,6,0
5,36,1,0
5,36,2,0
5,36,3,0
5,36,4,1
5,36,5,0
5,36,6,0
5,37,1,0
5,37,2,0
5,37,3,0
5,37,4,1
5,37,5,0
5,37,6,0
5,38,1,0
5,38,2,0
5,38,3,0
5,38,4,1
5,38,5,0
5,38,6,0
5,39,1,0
5,39,2,0
5,39,3,0
5,39,4,1
5,39,5,0
5,39,6,0
5,40,1,1
5,40,2,0
5,40,3,0
5,40,4,0
5,40,5,0
5,40,6,0
5,41,1,0
5,41,2,0
5,41,3,0
5,41,4,0
5,41,5,0
5,41,6,1
5,42,1,0
5,42,2,0
5,42,3,0
5,42,4,0
5,42,5,0
5,42,6,1
5,43,1,1
5,43,2,0
5,43,3,0
5,43,4,0
5,43,5,0
5,43,6,0
5,44,1,1
5,44,2,0
5,44,3,0
5,44,4,0
5,44,5,0
5,44,6,0
5,45,1,0
5,45,2,0
5,45,3,1
5,45,4,0
5,45,5,0
5,45,6,0
5,46,1,0
5,46,2,0
5,46,3,1
5,46,4,0
5,46,5,0
5,46,6,0
5,47,1,0
5,47,2,0
5,47,3,0
5,47,4,0
5,47,5,0
5,47,6,1
5,48,1,0
5,48,2,0
5,48,3,0
5,48,4,0
5,48,5,0
5,48,6,1
5,49,1,0
5,49,2,0
5,49,3,0
5,49,4,0
5,49,5,1
5,49,6,0
5,50,1,0
5,50,2,0
5,50,3,0
5,50,4,0
5,50,5,1
5,50,6,0
5,51,1,1
5,51,2,0
5,51,3,0
5,51,4,0
5,51,5,0
5,51,6,0
5,52,1,0
5,52,2,0
5,52,3,0
5,52,4,0
5,52,5,0
5,52,6,1
5,53,1,0
5,53,2,0
5,53,3,0
5,53,4,0
5,53,5,0
5,53,6,1
5,54,1,0
5,54,2,1
5,54,3,0
5,54,4,0
5,54,5,0
5,54,6,0
5,55,1,0
5,55,2,1
5,55,3,0
5,55,4,0
5,55,5,0
5,55,6,0
5,56,1,0
5,56,2,1
5,56,3,0
5,56,4,0
5,56,5,0
5,56,6,0
5,57,1,1
5,57,2,0
5,57,3,0
5,57,4,0
5,57,5,0
5,57,6,0
5,58,1,0
5,58,2,0
5,58,3,0
5,58,4,0
5,58,5,0
5,58,6,1
5,59,1,1
5,59,2,0
5,59,3,0
5,59,4,0
5,59,5,0
5,59,6,0
5,60,1,0
5,60,2,0
5,60,3,0
5,60,4,0
5,60,5,0
5,60,6,1
5,61,1,1
5,61,2,0
5,61,3,0
5,61,4,0
5,61,5,0
5,61,6,0
5,62,1,1
5,62,2,0
5,62,3,0
5,62,4,0
5,62,5,0
5,62,6,0
5,63,1,0
5,63,2,0
5,63,3,0
5,63,4,0
5,63,5,1
5,63,6,0
5,64,1,0
5,64,2,0
5,64,3,0
5,64,4,0
5,64,5,1
5,64,6,0
5,65,1,0
5,65,2,0
5,65,3,0
5,65,4,0
5,65,5,0
5,65,6,1
5,66,1,0
5,66,2,0
5,66,3,0
5,66,4,0
5,66,5,0
5,66,6,1
5,67,1,0
5,67,2,0
5,67,3,0
5,67,4,1
5,67,5,0
5,67,6,0
5,68,1,0
5,68,2,0
5,68,3,0
5,68,4,0
5,68,5,0
5,68,6,1
5,69,1,1
5,69,2,0
5,69,3,0
5,69,4,0
5,69,5,0
5,69,6,0
5,70,1,1
5,70,2,0
5,70,3,0
5,70,4,0
5,70,5,0
5,70,6,0
5,71,1,0
5,71,2,0
5,71,3,0
5,71,4,0
5,71,5,0
5,71,6,1
5,72,1,1
5,72,2,0
5,72,3,0
5,72,4,0
5,72,5,0
5,72,6,0
5,73,1,1
5,73,2,0
5,73,3,0
5,73,4,0
5,73,5,0
5,73,6,0
5,74,1,0
5,74,2,0
5,74,3,0
5,74,4,0
5,74,5,1
5,74,6,0
5,75,1,1
5,75,2,0
5,75,3,0
5,75,4,0
5,75,5,0
5,75,6,0
5,76,1,0
5,76,2,0
5,76,3,0
5,76,4,0
5,76,5,0
5,76,6,1
5,77,1,0
5,77,2,0
5,77,3,0
5,77,4,1
5,77,5,0
5,77,6,0
5,78,1,0
5,78,2,0
5,78,3,0
5,78,4,1
5,78,5,0
5,78,6,0
5,79,1,0
5,79,2,0
5,79,3,0
5,79,4,0
5,79,5,0
5,79,6,1
5,80,1,0
5,80,2,1
5,80,3,0
5,80,4,0
5,80,5,0
5,80,6,0
5,81,1,0
5,81,2,1
5,81,3,0
5,81,4,0
5,81,5,0
5,81,6,0
5,82,1,0
5,82,2,0
5,82,3,0
5,82,4,0
5,82,5,0
5,82,6,1
5,83,1,0
5,83,2,0
5,83,3,0
5,83,4,0
5,83,5,1
5,83,6,0
5,84,1,0
5,84,2,0
5,84,3,0
5,84,4,0
5,84,5,1
5,84,6,0
6,1,1,1
6,1,2,0
6,1,3,0
6,1,4,0
6,1,5,0
6,1,6,0
6,2,1,0
6,2,2,0
6,2,3,0
6,2,4,1
6,2,5,0
6,2,6,0
6,3,1,0
6,3,2,0
6,3,3,0
6,3,4,1
6,3,5,0
6,3,6,0
6,4,1,1
6,4,2,0
6,4,3,0
6,4,4,0
6,4,5,0
6,4,6,0
6,5,1,1
6,5,2,0
6,5,3,0
6,5,4,0
6,5,5,0
6,5,6,0
6,6,1,0
6,6,2,1
6,6,3,0
6,6,4,0
6,6,5,0
6,6,6,0
6,7,1,0
6,7,2,0
6,7,3,0
6,7,4,0
6,7,5,0
6,7,6,1
6,8,1,0
6,8,2,0
6,8,3,0
6,8,4,0
6,8,5,0
6,8,6,1
6,9,1,0
6,9,2,0
6,9,3,0
6,9,4,0
6,9,5,1
6,9,6,0
6,10,1,0
6,10,2,0
6,10,3,0
6,10,4,0
6,10,5,1
6,10,6,0
6,11,1,1
6,11,2,0
6,11,3,0
6,11,4,0
6,11,5,0
6,11,6,0
6,12,1,1
6,12,2,0
6,12,3,0
6,12,4,0
6,12,5,0
6,12,6,0
6,13,1,0
6,13,2,0
6,13,3,0
6,13,4,0
6,13,5,0
6,13,6,1
6,14,1,0
6,14,2,0
6,14,3,0
6,14,4,0
6,14,5,0
6,14,6,1
6,15,1,0
6,15,2,0
6,15,3,0
6,15,4,0
6,15,5,1
6,15,6,0
6,16,1,0
6,16,2,0
6,16,3,0
6,16,4,0
6,16,5,1
6,16,6,0
6,17,1,0
6,17,2,0
6,17,3,0
6,17,4,0
6,17,5,0
6,17,6,1
6,18,1,0
6,18,2,1
6,18,3,0
6,18,4,0
6,18,5,0
6,18,6,0
6,19,1,1
6,19,2,0
6,19,3,0
6,19,4,0
6,19,5,0
6,19,6,0
6,20,1,0
6,20,2,0
6,20,3,0
6,20,4,0
6,20,5,0
6,20,6,1
6,21,1,0
6,21,2,0
6,21,3,0
6,21,4,1
6,21,5,0
6,21,6,0
6,22,1,0
6,22,2,0
6,22,3,1
6,22,4,0
6,22,5,0
6,22,6,0
6,23,1,0
6,23,2,0
6,23,3,1
6,23,4,0
6,23,5,0
6,23,6,0
6,24,1,1
6,24,2,0
6,24,3,0
6,24,4,0
6,24,5,0
6,24,6,0
6,25,1,0
6,25,2,0
6,25,3,0
6,25,4,0
6,25,5,1
6,25,6,0
6,26,1,1
6,26,2,0
6,26,3,0
6,26,4,0
6,26,5,0
6,26,6,0
6,27,1,0
6,27,2,0
6,27,3,0
6,27,4,0
6,27,5,0
6,27,6,1
6,28,1,0
6,28,2,0
6,28,3,0
6,28,4,0
6,28,5,0
6,28,6,1
6,29,1,0
6,29,2,0
6,29,3,0
6,29,4,0
6,29,5,1
6,29,6,0
6,30,1,0
6,30,2,0
6,30,3,0
6,30,4,0
6,30,5,1
6,30,6,0
6,31,1,0
6,31,2,0
6,31,3,0
6,31,4,0
6,31,5,1
6,31,6,0
6,32,1,1
6,32,2,0
6,32,3,0
6,32,4,0
6,32,5,0
6,32,6,0
6,33,1,1
6,33,2,0
6,33,3,0
6,33,4,0
6,33,5,0
6,33,6,0
6,34,1,0
6,34,2,0
6,34,3,0
6,34,4,0
6,34,5,0
6,34,6,1
6,35,1,0
6,35,2,0
6,35,3,0
6,35,4,0
6,35,5,0
6,35,6,1
6,36,1,1
6,36,2,0
6,36,3,0
6,36,4,0
6,36,5,0
6,36,6,0
6,37,1,1
6,37,2,0
6,37,3,0
6,37,4,0
6,37,5,0
6,37,6,0
6,38,1,0
6,38,2,1
6,38,3,0
6,38,4,0
6,38,5,0
6,38,6,0
6,39,1,0
6,39,2,1
6,39,3,0
6,39,4,0
6,39,5,0
6,39,6,0
6,40,1,0
6,40,2,0
6,40,3,0
6,40,4,0
6,40,5,0
6,40,6,1
6,41,1,0
6,41,2,1
6,41,3,0
6,41,4,0
6,41,5,0
6,41,6,0
6,42,1,0
6,42,2,1
6,42,3,0
6,42,4,0
6,42,5,0
6,42,6,0
6,43,1,0
6,43,2,0
6,43,3,0
6,43,4,0
6,43,5,0
6,43,6,1
6,44,1,0
6,44,2,0
6,44,3,0
6,44,4,0
6,44,5,0
6,44,6,1
6,45,1,1
6,45,2,0
6,45,3,0
6,45,4,0
6,45,5,0
6,45,6,0
6,46,1,0
6,46,2,0
6,46,3,0
6,46,4,1
6,46,5,0
6,46,6,0
6,47,1,0
6,47,2,0
6,47,3,0
6,47,4,0
6,47,5,1
6,47,6,0
6,48,1,0
6,48,2,0
6,48,3,0
6,48,4,0
6,48,5,1
6,48,6,0
6,49,1,0
6,49,2,0
6,49,3,0
6,49,4,0
6,49,5,0
6,49,6,1
6,50,1,1
6,50,2,0
6,50,3,0
6,50,4,0
6,50,5,0
6,50,6,0
6,51,1,0
6,51,2,0
6,51,3,0
6,51,4,0
6,51,5,0
6,51,6,1
6,52,1,1
6,52,2,0
6,52,3,0
6,52,4,0
6,52,5,0
6,52,6,0
6,53,1,0
6,53,2,1
6,53,3,0
6,53,4,0
6,53,5,0
6,53,6,0
6,54,1,0
6,54,2,0
6,54,3,0
6,54,4,0
6,54,5,0
6,54,6,1
6,55,1,1
6,55,2,0
6,55,3,0
6,55,4,0
6,55,5,0
6,55,6,0
6,56,1,0
6,56,2,0
6,56,3,0
6,56,4,0
6,56,5,0
6,56,6,1
6,57,1,0
6,57,2,0
6,57,3,0
6,57,4,0
6,57,5,1
6,57,6,0
6,58,1,0
6,58,2,0
6,58,3,0
6,58,4,0
6,58,5,1
6,58,6,0
6,59,1,0
6,59,2,0
6,59,3,0
6,59,4,0
6,59,5,1
6,59,6,0
6,60,1,0
6,60,2,0
6,60,3,0
6,60,4,0
6,60,5,0
6,60,6,1
6,61,1,0
6,61,2,1
6,61,3,0
6,61,4,0
6,61,5,0
6,61,6,0
6,62,1,0
6,62,2,1
6,62,3,0
6,62,4,0
6,62,5,0
6,62,6,0
6,63,1,0
6,63,2,0
6,63,3,0
6,63,4,0
6,63,5,0
6,63,6,1
6,64,1,0
6,64,2,0
6,64,3,0
6,64,4,0
6,64,5,1
6,64,6,0
6,65,1,0
6,65,2,0
6,65,3,0
6,65,4,0
6,65,5,1
6,65,6,0
6,66,1,0
6,66,2,0
6,66,3,0
6,66,4,0
6,66,5,1
6,66,6,0
6,67,1,0
6,67,2,0
6,67,3,0
6,67,4,0
6,67,5,0
6,67,6,1
6,68,1,0
6,68,2,0
6,68,3,0
6,68,4,1
6,68,5,0
6,68,6,0
6,69,1,0
6,69,2,0
6,69,3,0
6,69,4,1
6,69,5,0
6,69,6,0
6,70,1,0
6,70,2,0
6,70,3,0
6,70,4,0
6,70,5,0
6,70,6,1
6,71,1,0
6,71,2,0
6,71,3,1
6,71,4,0
6,71,5,0
6,71,6,0
6,72,1,1
6,72,2,0
6,72,3,0
6,72,4,0
6,72,5,0
6,72,6,0
6,73,1,1
6,73,2,0
6,73,3,0
6,73,4,0
6,73,5,0
6,73,6,0
6,74,1,0
6,74,2,0
6,74,3,0
6,74,4,0
6,74,5,0
6,74,6,1
6,75,1,0
6,75,2,1
6,75,3,0
6,75,4,0
6,75,5,0
6,75,6,0
6,76,1,0
6,76,2,1
6,76,3,0
6,76,4,0
6,76,5,0
6,76,6,0
6,77,1,0
6,77,2,1
6,77,3,0
6,77,4,0
6,77,5,0
6,77,6,0
6,78,1,0
6,78,2,0
6,78,3,0
6,78,4,0
6,78,5,0
6,78,6,1
6,79,1,0
6,79,2,0
6,79,3,0
6,79,4,1
6,79,5,0
6,79,6,0
6,80,1,0
6,80,2,0
6,80,3,0
6,80,4,0
6,80,5,0
6,80,6,1
6,81,1,0
6,81,2,0
6,81,3,0
6,81,4,0
6,81,5,1
6,81,6,0
6,82,1,1
6,82,2,0
6,82,3,0
6,82,4,0
6,82,5,0
6,82,6,0
6,83,1,0
6,83,2,0
6,83,3,0
6,83,4,1
6,83,5,0
6,83,6,0
6,84,1,0
6,84,2,0
6,84,3,0
6,84,4,1
6,84,5,0
6,84,6,0
7,1,1,0
7,1,2,0
7,1,3,0
7,1,4,0
7,1,5,1
7,1,6,0
7,2,1,0
7,2,2,0
7,2,3,0
7,2,4,0
7,2,5,1
7,2,6,0
7,3,1,1
7,3,2,0
7,3,3,0
7,3,4,0
7,3,5,0
7,3,6,0
7,4,1,0
7,4,2,1
7,4,3,0
7,4,4,0
7,4,5,0
7,4,6,0
7,5,1,0
7,5,2,1
7,5,3,0
7,5,4,0
7,5,5,0
7,5,6,0
7,6,1,0
7,6,2,0
7,6,3,0
7,6,4,0
7,6,5,0
7,6,6,1
7,7,1,0
7,7,2,0
7,7,3,0
7,7,4,0
7,7,5,0
7,7,6,1
7,8,1,0
7,8,2,0
7,8,3,1
7,8,4,0
7,8,5,0
7,8,6,0
7,9,1,0
7,9,2,0
7,9,3,1
7,9,4,0
7,9,5,0
7,9,6,0
7,10,1,0
7,10,2,1
7,10,3,0
7,10,4,0
7,10,5,0
7,10,6,0
7,11,1,0
7,11,2,1
7,11,3,0
7,11,4,0
7,11,5,0
7,11,6,0
7,12,1,0
7,12,2,0
7,12,3,0
7,12,4,0
7,12,5,0
7,12,6,1
7,13,1,0
7,13,2,0
7,13,3,0
7,13,4,0
7,13,5,1
7,13,6,0
7,14,1,0
7,14,2,0
7,14,3,0
7,14,4,0
7,14,5,0
7,14,6,1
7,15,1,0
7,15,2,0
7,15,3,1
7,15,4,0
7,15,5,0
7,15,6,0
7,16,1,0
7,16,2,0
7,16,3,1
7,16,4,0
7,16,5,0
7,16,6,0
7,17,1,0
7,17,2,1
7,17,3,0
7,17,4,0
7,17,5,0
7,17,6,0
7,18,1,0
7,18,2,0
7,18,3,0
7,18,4,0
7,18,5,0
7,18,6,1
7,19,1,0
7,19,2,1
7,19,3,0
7,19,4,0
7,19,5,0
7,19,6,0
7,20,1,0
7,20,2,0
7,20,3,0
7,20,4,0
7,20,5,0
7,20,6,1
7,21,1,0
7,21,2,0
7,21,3,0
7,21,4,0
7,21,5,1
7,21,6,0
7,22,1,1
7,22,2,0
7,22,3,0
7,22,4,0
7,22,5,0
7,22,6,0
7,23,1,1
7,23,2,0
7,23,3,0
7,23,4,0
7,23,5,0
7,23,6,0
7,24,1,1
7,24,2,0
7,24,3,0
7,24,4,0
7,24,5,0
7,24,6,0
7,25,1,0
7,25,2,0
7,25,3,0
7,25,4,0
7,25,5,0
7,25,6,1
7,26,1,1
7,26,2,0
7,26,3,0
7,26,4,0
7,26,5,0
7,26,6,0
7,27,1,1
7,27,2,0
7,27,3,0
7,27,4,0
7,27,5,0
7,27,6,0
7,28,1,0
7,28,2,1
7,28,3,0
7,28,4,0
7,28,5,0
7,28,6,0
7,29,1,0
7,29,2,0
7,29,3,0
7,29,4,0
7,29,5,0
7,29,6,1
7,30,1,0
7,30,2,0
7,30,3,0
7,30,4,1
7,30,5,0
7,30,6,0
7,31,1,0
7,31,2,0
7,31,3,0
7,31,4,1
7,31,5,0
7,31,6,0
7,32,1,0
7,32,2,0
7,32,3,0
7,32,4,1
7,32,5,0
7,32,6,0
7,33,1,1
7,33,2,0
7,33,3,0
7,33,4,0
7,33,5,0
7,33,6,0
7,34,1,0
7,34,2,0
7,34,3,0
7,34,4,0
7,34,5,1
7,34,6,0
7,35,1,0
7,35,2,0
7,35,3,0
7,35,4,0
7,35,5,0
7,35,6,1
7,36,1,0
7,36,2,1
7,36,3,0
7,36,4,0
7,36,5,0
7,36,6,0
7,37,1,0
7,37,2,0
7,37,3,0
7,37,4,0
7,37,5,0
7,37,6,1
7,38,1,1
7,38,2,0
7,38,3,0
7,38,4,0
7,38,5,0
7,38,6,0
7,39,1,0
7,39,2,0
7,39,3,0
7,39,4,0
7,39,5,1
7,39,6,0
7,40,1,0
7,40,2,0
7,40,3,0
7,40,4,0
7,40,5,1
7,40,6,0
7,41,1,0
7,41,2,0
7,41,3,0
7,41,4,0
7,41,5,0
7,41,6,1
7,42,1,0
7,42,2,0
7,42,3,0
7,42,4,0
7,42,5,0
7,42,6,1
7,43,1,0
7,43,2,0
7,43,3,0
7,43,4,1
7,43,5,0
7,43,6,0
7,44,1,0
7,44,2,0
7,44,3,0
7,44,4,1
7,44,5,0
7,44,6,0
7,45,1,0
7,45,2,0
7,45,3,0
7,45,4,1
7,45,5,0
7,45,6,0
7,46,1,1
7,46,2,0
7,46,3,0
7,46,4,0
7,46,5,0
7,46,6,0
7,47,1,1
7,47,2,0
7,47,3,0
7,47,4,0
7,47,5,0
7,47,6,0
7,48,1,0
7,48,2,0
7,48,3,0
7,48,4,0
7,48,5,0
7,48,6,1
7,49,1,0
7,49,2,0
7,49,3,0
7,49,4,0
7,49,5,0
7,49,6,1
7,50,1,0
7,50,2,0
7,50,3,0
7,50,4,0
7,50,5,1
7,50,6,0
7,51,1,0
7,51,2,0
7,51,3,0
7,51,4,0
7,51,5,1
7,51,6,0
7,52,1,1
7,52,2,0
7,52,3,0
7,52,4,0
7,52,5,0
7,52,6,0
7,53,1,0
7,53,2,0
7,53,3,1
7,53,4,0
7,53,5,0
7,53,6,0
7,54,1,0
7,54,2,0
7,54,3,1
7,54,4,0
7,54,5,0
7,54,6,0
7,55,1,0
7,55,2,0
7,55,3,0
7,55,4,0
7,55,5,0
7,55,6,1
7,56,1,0
7,56,2,0
7,56,3,0
7,56,4,0
7,56,5,0
7,56,6,1
7,57,1,0
7,57,2,0
7,57,3,1
7,57,4,0
7,57,5,0
7,57,6,0
7,58,1,0
7,58,2,1
7,58,3,0
7,58,4,0
7,58,5,0
7,58,6,0
7,59,1,0
7,59,2,1
7,59,3,0
7,59,4,0
7,59,5,0
7,59,6,0
7,60,1,1
7,60,2,0
7,60,3,0
7,60,4,0
7,60,5,0
7,60,6,0
7,61,1,1
7,61,2,0
7,61,3,0
7,61,4,0
7,61,5,0
7,61,6,0
7,62,1,0
7,62,2,0
7,62,3,0
7,62,4,0
7,62,5,0
7,62,6,1
7,63,1,0
7,63,2,0
7,63,3,0
7,63,4,0
7,63,5,0
7,63,6,1
7,64,1,1
7,64,2,0
7,64,3,0
7,64,4,0
7,64,5,0
7,64,6,0
7,65,1,0
7,65,2,0
7,65,3,0
7,65,4,0
7,65,5,1
7,65,6,0
7,66,1,0
7,66,2,0
7,66,3,0
7,66,4,0
7,66,5,1
7,66,6,0
7,67,1,0
7,67,2,0
7,67,3,0
7,67,4,0
7,67,5,1
7,67,6,0
7,68,1,1
7,68,2,0
7,68,3,0
7,68,4,0
7,68,5,0
7,68,6,0
7,69,1,0
7,69,2,0
7,69,3,0
7,69,4,0
7,69,5,0
7,69,6,1
7,70,1,0
7,70,2,0
7,70,3,0
7,70,4,0
7,70,5,0
7,70,6,1
7,71,1,1
7,71,2,0
7,71,3,0
7,71,4,0
7,71,5,0
7,71,6,0
7,72,1,0
7,72,2,0
7,72,3,0
7,72,4,1
7,72,5,0
7,72,6,0
7,73,1,0
7,73,2,0
7,73,3,0
7,73,4,1
7,73,5,0
7,73,6,0
7,74,1,0
7,74,2,0
7,74,3,0
7,74,4,1
7,74,5,0
7,74,6,0
7,75,1,1
7,75,2,0
7,75,3,0
7,75,4,0
7,75,5,0
7,75,6,0
7,76,1,0
7,76,2,0
7,76,3,0
7,76,4,0
7,76,5,0
7,76,6,1
7,77,1,0
7,77,2,0
7,77,3,0
7,77,4,0
7,77,5,0
7,77,6,1
7,78,1,0
7,78,2,0
7,78,3,0
7,78,4,0
7,78,5,1
7,78,6,0
7,79,1,0
7,79,2,0
7,79,3,0
7,79,4,0
7,79,5,1
7,79,6,0
7,80,1,1
7,80,2,0
7,80,3,0
7,80,4,0
7,80,5,0
7,80,6,0
7,81,1,0
7,81,2,0
7,81,3,1
7,81,4,0
7,81,5,0
7,81,6,0
7,82,1,0
7,82,2,0
7,82,3,1
7,82,4,0
7,82,5,0
7,82,6,0
7,83,1,0
7,83,2,0
7,83,3,0
7,83,4,0
7,83,5,0
7,83,6,1
7,84,1,0
7,84,2,0
7,84,3,0
7,84,4,0
7,84,5,0
7,84,6,1
8,1,1,1
8,1,2,0
8,1,3,0
8,1,4,0
8,1,5,0
8,1,6,0
8,2,1,0
8,2,2,0
8,2,3,0
8,2,4,0
8,2,5,1
8,2,6,0
8,3,1,0
8,3,2,0
8,3,3,0
8,3,4,0
8,3,5,1
8,3,6,0
8,4,1,0
8,4,2,0
8,4,3,0
8,4,4,0
8,4,5,1
8,4,6,0
8,5,1,1
8,5,2,0
8,5,3,0
8,5,4,0
8,5,5,0
8,5,6,0
8,6,1,0
8,6,2,0
8,6,3,0
8,6,4,0
8,6,5,0
8,6,6,1
8,7,1,0
8,7,2,0
8,7,3,0
8,7,4,0
8,7,5,0
8,7,6,1
8,8,1,0
8,8,2,1
8,8,3,0
8,8,4,0
8,8,5,0
8,8,6,0
8,9,1,0
8,9,2,1
8,9,3,0
8,9,4,0
8,9,5,0
8,9,6,0
8,10,1,0
8,10,2,0
8,10,3,0
8,10,4,1
8,10,5,0
8,10,6,0
8,11,1,1
8,11,2,0
8,11,3,0
8,11,4,0
8,11,5,0
8,11,6,0
8,12,1,1
8,12,2,0
8,12,3,0
8,12,4,0
8,12,5,0
8,12,6,0
8,13,1,0
8,13,2,0
8,13,3,0
8,13,4,0
8,13,5,0
8,13,6,1
8,14,1,0
8,14,2,0
8,14,3,0
8,14,4,0
8,14,5,0
8,14,6,1
8,15,1,0
8,15,2,1
8,15,3,0
8,15,4,0
8,15,5,0
8,15,6,0
8,16,1,0
8,16,2,0
8,16,3,0
8,16,4,0
8,16,5,1
8,16,6,0
8,17,1,0
8,17,2,0
8,17,3,0
8,17,4,0
8,17,5,1
8,17,6,0
8,18,1,1
8,18,2,0
8,18,3,0
8,18,4,0
8,18,5,0
8,18,6,0
8,19,1,1
8,19,2,0
8,19,3,0
8,19,4,0
8,19,5,0
8,19,6,0
8,20,1,0
8,20,2,0
8,20,3,0
8,20,4,0
8,20,5,0
8,20,6,1
8,21,1,0
8,21,2,0
8,21,3,0
8,21,4,0
8,21,5,0
8,21,6,1
8,22,1,0
8,22,2,0
8,22,3,0
8,22,4,0
8,22,5,1
8,22,6,0
8,23,1,1
8,23,2,0
8,23,3,0
8,23,4,0
8,23,5,0
8,23,6,0
8,24,1,0
8,24,2,1
8,24,3,0
8,24,4,0
8,24,5,0
8,24,6,0
8,25,1,0
8,25,2,1
8,25,3,0
8,25,4,0
8,25,5,0
8,25,6,0
8,26,1,1
8,26,2,0
8,26,3,0
8,26,4,0
8,26,5,0
8,26,6,0
8,27,1,0
8,27,2,0
8,27,3,0
8,27,4,0
8,27,5,0
8,27,6,1
8,28,1,0
8,28,2,0
8,28,3,0
8,28,4,0
8,28,5,0
8,28,6,1
8,29,1,1
8,29,2,0
8,29,3,0
8,29,4,0
8,29,5,0
8,29,6,0
8,30,1,0
8,30,2,1
8,30,3,0
8,30,4,0
8,30,5,0
8,30,6,0
8,31,1,0
8,31,2,1
8,31,3,0
8,31,4,0
8,31,5,0
8,31,6,0
8,32,1,0
8,32,2,1
8,32,3,0
8,32,4,0
8,32,5,0
8,32,6,0
8,33,1,0
8,33,2,1
8,33,3,0
8,33,4,0
8,33,5,0
8,33,6,0
8,34,1,1
8,34,2,0
8,34,3,0
8,34,4,0
8,34,5,0
8,34,6,0
8,35,1,0
8,35,2,0
8,35,3,0
8,35,4,0
8,35,5,0
8,35,6,1
8,36,1,0
8,36,2,0
8,36,3,0
8,36,4,0
8,36,5,0
8,36,6,1
8,37,1,0
8,37,2,0
8,37,3,0
8,37,4,0
8,37,5,1
8,37,6,0
8,38,1,0
8,38,2,0
8,38,3,0
8,38,4,0
8,38,5,1
8,38,6,0
8,39,1,0
8,39,2,0
8,39,3,0
8,39,4,0
8,39,5,1
8,39,6,0
8,40,1,1
8,40,2,0
8,40,3,0
8,40,4,0
8,40,5,0
8,40,6,0
8,41,1,0
8,41,2,0
8,41,3,0
8,41,4,0
8,41,5,0
8,41,6,1
8,42,1,0
8,42,2,0
8,42,3,0
8,42,4,0
8,42,5,0
8,42,6,1
8,43,1,0
8,43,2,0
8,43,3,0
8,43,4,0
8,43,5,1
8,43,6,0
8,44,1,0
8,44,2,0
8,44,3,0
8,44,4,0
8,44,5,1
8,44,6,0
8,45,1,0
8,45,2,0
8,45,3,0
8,45,4,0
8,45,5,1
8,45,6,0
8,46,1,0
8,46,2,0
8,46,3,0
8,46,4,0
8,46,5,0
8,46,6,1
8,47,1,0
8,47,2,1
8,47,3,0
8,47,4,0
8,47,5,0
8,47,6,0
8,48,1,0
8,48,2,1
8,48,3,0
8,48,4,0
8,48,5,0
8,48,6,0
8,49,1,0
8,49,2,0
8,49,3,0
8,49,4,0
8,49,5,0
8,49,6,1
8,50,1,0
8,50,2,0
8,50,3,0
8,50,4,0
8,50,5,0
8,50,6,1
8,51,1,1
8,51,2,0
8,51,3,0
8,51,4,0
8,51,5,0
8,51,6,0
8,52,1,0
8,52,2,1
8,52,3,0
8,52,4,0
8,52,5,0
8,52,6,0
8,53,1,1
8,53,2,0
8,53,3,0
8,53,4,0
8,53,5,0
8,53,6,0
8,54,1,0
8,54,2,0
8,54,3,0
8,54,4,0
8,54,5,0
8,54,6,1
8,55,1,0
8,55,2,0
8,55,3,0
8,55,4,0
8,55,5,0
8,55,6,1
8,56,1,0
8,56,2,0
8,56,3,0
8,56,4,0
8,56,5,1
8,56,6,0
8,57,1,1
8,57,2,0
8,57,3,0
8,57,4,0
8,57,5,0
8,57,6,0
8,58,1,0
8,58,2,0
8,58,3,0
8,58,4,0
8,58,5,0
8,58,6,1
8,59,1,1
8,59,2,0
8,59,3,0
8,59,4,0
8,59,5,0
8,59,6,0
8,60,1,0
8,60,2,0
8,60,3,0
8,60,4,1
8,60,5,0
8,60,6,0
8,61,1,1
8,61,2,0
8,61,3,0
8,61,4,0
8,61,5,0
8,61,6,0
8,62,1,1
8,62,2,0
8,62,3,0
8,62,4,0
8,62,5,0
8,62,6,0
8,63,1,0
8,63,2,0
8,63,3,0
8,63,4,0
8,63,5,0
8,63,6,1
8,64,1,0
8,64,2,0
8,64,3,0
8,64,4,0
8,64,5,0
8,64,6,1
8,65,1,0
8,65,2,0
8,65,3,0
8,65,4,1
8,65,5,0
8,65,6,0
8,66,1,0
8,66,2,0
8,66,3,0
8,66,4,1
8,66,5,0
8,66,6,0
8,67,1,0
8,67,2,0
8,67,3,1
8,67,4,0
8,67,5,0
8,67,6,0
8,68,1,0
8,68,2,0
8,68,3,1
8,68,4,0
8,68,5,0
8,68,6,0
8,69,1,1
8,69,2,0
8,69,3,0
8,69,4,0
8,69,5,0
8,69,6,0
8,70,1,0
8,70,2,0
8,70,3,0
8,70,4,0
8,70,5,0
8,70,6,1
8,71,1,0
8,71,2,0
8,71,3,0
8,71,4,0
8,71,5,0
8,71,6,1
8,72,1,1
8,72,2,0
8,72,3,0
8,72,4,0
8,72,5,0
8,72,6,0
8,73,1,0
8,73,2,0
8,73,3,1
8,73,4,0
8,73,5,0
8,73,6,0
8,74,1,0
8,74,2,0
8,74,3,1
8,74,4,0
8,74,5,0
8,74,6,0
8,75,1,0
8,75,2,0
8,75,3,1
8,75,4,0
8,75,5,0
8,75,6,0
8,76,1,1
8,76,2,0
8,76,3,0
8,76,4,0
8,76,5,0
8,76,6,0
8,77,1,0
8,77,2,0
8,77,3,0
8,77,4,0
8,77,5,0
8,77,6,1
8,78,1,0
8,78,2,0
8,78,3,0
8,78,4,0
8,78,5,0
8,78,6,1
8,79,1,1
8,79,2,0
8,79,3,0
8,79,4,0
8,79,5,0
8,79,6,0
8,80,1,0
8,80,2,1
8,80,3,0
8,80,4,0
8,80,5,0
8,80,6,0
8,81,1,0
8,81,2,1
8,81,3,0
8,81,4,0
8,81,5,0
8,81,6,0
8,82,1,0
8,82,2,1
8,82,3,0
8,82,4,0
8,82,5,0
8,82,6,0
8,83,1,0
8,83,2,1
8,83,3,0
8,83,4,0
8,83,5,0
8,83,6,0
8,84,1,1
8,84,2,0
8,84,3,0
8,84,4,0
8,84,5,0
8,84,6,0
9,1,1,0
9,1,2,0
9,1,3,0
9,1,4,0
9,1,5,0
9,1,6,1
9,2,1,0
9,2,2,0
9,2,3,0
9,2,4,0
9,2,5,0
9,2,6,1
9,3,1,0
9,3,2,0
9,3,3,0
9,3,4,0
9,3,5,1
9,3,6,0
9,4,1,0
9,4,2,0
9,4,3,0
9,4,4,0
9,4,5,1
9,4,6,0
9,5,1,0
9,5,2,0
9,5,3,0
9,5,4,0
9,5,5,1
9,5,6,0
9,6,1,1
9,6,2,0
9,6,3,0
9,6,4,0
9,6,5,0
9,6,6,0
9,7,1,0
9,7,2,0
9,7,3,0
9,7,4,0
9,7,5,0
9,7,6,1
9,8,1,0
9,8,2,0
9,8,3,0
9,8,4,0
9,8,5,0
9,8,6,1
9,9,1,0
9,9,2,0
9,9,3,0
9,9,4,0
9,9,5,0
9,9,6,1
9,10,1,1
9,10,2,0
9,10,3,0
9,10,4,0
9,10,5,0
9,10,6,0
9,11,1,0
9,11,2,0
9,11,3,0
9,11,4,0
9,11,5,0
9,11,6,1
9,12,1,0
9,12,2,0
9,12,3,0
9,12,4,1
9,12,5,0
9,12,6,0
9,13,1,0
9,13,2,0
9,13,3,0
9,13,4,1
9,13,5,0
9,13,6,0
9,14,1,0
9,14,2,0
9,14,3,0
9,14,4,0
9,14,5,1
9,14,6,0
9,15,1,0
9,15,2,0
9,15,3,0
9,15,4,0
9,15,5,1
9,15,6,0
9,16,1,0
9,16,2,0
9,16,3,0
9,16,4,0
9,16,5,0
9,16,6,1
9,17,1,0
9,17,2,0
9,17,3,0
9,17,4,0
9,17,5,0
9,17,6,1
9,18,1,0
9,18,2,0
9,18,3,0
9,18,4,1
9,18,5,0
9,18,6,0
9,19,1,0
9,19,2,0
9,19,3,0
9,19,4,1
9,19,5,0
9,19,6,0
9,20,1,0
9,20,2,0
9,20,3,0
9,20,4,1
9,20,5,0
9,20,6,0
9,21,1,1
9,21,2,0
9,21,3,0
9,21,4,0
9,21,5,0
9,21,6,0
9,22,1,0
9,22,2,0
9,22,3,0
9,22,4,0
9,22,5,0
9,22,6,1
9,23,1,0
9,23,2,0
9,23,3,0
9,23,4,0
9,23,5,1
9,23,6,0
9,24,1,1
9,24,2,0
9,24,3,0
9,24,4,0
9,24,5,0
9,24,6,0
9,25,1,0
9,25,2,0
9,25,3,0
9,25,4,0
9,25,5,0
9,25,6,1
9,26,1,0
9,26,2,1
9,26,3,0
9,26,4,0
9,26,5,0
9,26,6,0
9,27,1,0
9,27,2,1
9,27,3,0
9,27,4,0
9,27,5,0
9,27,6,0
9,28,1,0
9,28,2,1
9,28,3,0
9,28,4,0
9,28,5,0
9,28,6,0
9,29,1,0
9,29,2,0
9,29,3,0
9,29,4,0
9,29,5,0
9,29,6,1
9,30,1,0
9,30,2,0
9,30,3,0
9,30,4,0
9,30,5,0
9,30,6,1
9,31,1,0
9,31,2,0
9,31,3,0
9,31,4,0
9,31,5,0
9,31,6,1
9,32,1,0
9,32,2,0
9,32,3,0
9,32,4,0
9,32,5,0
9,32,6,1
9,33,1,0
9,33,2,0
9,33,3,0
9,33,4,0
9,33,5,1
9,33,6,0
9,34,1,0
9,34,2,0
9,34,3,0
9,34,4,0
9,34,5,1
9,34,6,0
9,35,1,0
9,35,2,0
9,35,3,0
9,35,4,0
9,35,5,0
9,35,6,1
9,36,1,1
9,36,2,0
9,36,3,0
9,36,4,0
9,36,5,0
9,36,6,0
9,37,1,0
9,37,2,1
9,37,3,0
9,37,4,0
9,37,5,0
9,37,6,0
9,38,1,0
9,38,2,1
9,38,3,0
9,38,4,0
9,38,5,0
9,38,6,0
9,39,1,0
9,39,2,0
9,39,3,0
9,39,4,0
9,39,5,0
9,39,6,1
9,40,1,0
9,40,2,0
9,40,3,0
9,40,4,0
9,40,5,0
9,40,6,1
9,41,1,0
9,41,2,0
9,41,3,0
9,41,4,0
9,41,5,0
9,41,6,1
9,42,1,0
9,42,2,1
9,42,3,0
9,42,4,0
9,42,5,0
9,42,6,0
9,43,1,0
9,43,2,1
9,43,3,0
9,43,4,0
9,43,5,0
9,43,6,0
9,44,1,0
9,44,2,1
9,44,3,0
9,44,4,0
9,44,5,0
9,44,6,0
9,45,1,1
9,45,2,0
9,45,3,0
9,45,4,0
9,45,5,0
9,45,6,0
9,46,1,0
9,46,2,0
9,46,3,0
9,46,4,0
9,46,5,0
9,46,6,1
9,47,1,0
9,47,2,0
9,47,3,0
9,47,4,0
9,47,5,0
9,47,6,1
9,48,1,0
9,48,2,0
9,48,3,0
9,48,4,0
9,48,5,0
9,48,6,1
9,49,1,0
9,49,2,0
9,49,3,0
9,49,4,0
9,49,5,0
9,49,6,1
9,50,1,1
9,50,2,0
9,50,3,0
9,50,4,0
9,50,5,0
9,50,6,0
9,51,1,0
9,51,2,1
9,51,3,0
9,51,4,0
9,51,5,0
9,51,6,0
9,52,1,0
9,52,2,1
9,52,3,0
9,52,4,0
9,52,5,0
9,52,6,0
9,53,1,1
9,53,2,0
9,53,3,0
9,53,4,0
9,53,5,0
9,53,6,0
9,54,1,0
9,54,2,0
9,54,3,0
9,54,4,0
9,54,5,0
9,54,6,1
9,55,1,0
9,55,2,0
9,55,3,0
9,55,4,0
9,55,5,0
9,55,6,1
9,56,1,0
9,56,2,0
9,56,3,0
9,56,4,0
9,56,5,1
9,56,6,0
9,57,1,0
9,57,2,0
9,57,3,0
9,57,4,0
9,57,5,1
9,57,6,0
9,58,1,0
9,58,2,0
9,58,3,0
9,58,4,0
9,58,5,1
9,58,6,0
9,59,1,0
9,59,2,0
9,59,3,0
9,59,4,0
9,59,5,1
9,59,6,0
9,60,1,1
9,60,2,0
9,60,3,0
9,60,4,0
9,60,5,0
9,60,6,0
9,61,1,0
9,61,2,0
9,61,3,0
9,61,4,0
9,61,5,0
9,61,6,1
9,62,1,0
9,62,2,0
9,62,3,0
9,62,4,0
9,62,5,0
9,62,6,1
9,63,1,0
9,63,2,0
9,63,3,0
9,63,4,1
9,63,5,0
9,63,6,0
9,64,1,0
9,64,2,0
9,64,3,0
9,64,4,1
9,64,5,0
9,64,6,0
9,65,1,1
9,65,2,0
9,65,3,0
9,65,4,0
9,65,5,0
9,65,6,0
9,66,1,0
9,66,2,0
9,66,3,0
9,66,4,0
9,66,5,0
9,66,6,1
9,67,1,0
9,67,2,0
9,67,3,0
9,67,4,0
9,67,5,0
9,67,6,1
9,68,1,0
9,68,2,0
9,68,3,0
9,68,4,0
9,68,5,0
9,68,6,1
9,69,1,0
9,69,2,1
9,69,3,0
9,69,4,0
9,69,5,0
9,69,6,0
9,70,1,0
9,70,2,1
9,70,3,0
9,70,4,0
9,70,5,0
9,70,6,0
9,71,1,0
9,71,2,1
9,71,3,0
9,71,4,0
9,71,5,0
9,71,6,0
9,72,1,0
9,72,2,0
9,72,3,0
9,72,4,0
9,72,5,0
9,72,6,1
9,73,1,0
9,73,2,0
9,73,3,0
9,73,4,0
9,73,5,1
9,73,6,0
9,74,1,1
9,74,2,0
9,74,3,0
9,74,4,0
9,74,5,0
9,74,6,0
9,75,1,0
9,75,2,0
9,75,3,0
9,75,4,1
9,75,5,0
9,75,6,0
9,76,1,0
9,76,2,0
9,76,3,0
9,76,4,1
9,76,5,0
9,76,6,0
9,77,1,0
9,77,2,0
9,77,3,0
9,77,4,0
9,77,5,0
9,77,6,1
9,78,1,0
9,78,2,0
9,78,3,0
9,78,4,0
9,78,5,0
9,78,6,1
9,79,1,0
9,79,2,0
9,79,3,1
9,79,4,0
9,79,5,0
9,79,6,0
9,80,1,0
9,80,2,0
9,80,3,1
9,80,4,0
9,80,5,0
9,80,6,0
9,81,1,0
9,81,2,0
9,81,3,0
9,81,4,0
9,81,5,0
9,81,6,1
9,82,1,0
9,82,2,0
9,82,3,0
9,82,4,0
9,82,5,0
9,82,6,1
9,83,1,0
9,83,2,0
9,83,3,0
9,83,4,0
9,83,5,0
9,83,6,1
9,84,1,0
9,84,2,0
9,84,3,0
9,84,4,0
9,84,5,0
9,84,6,1
10,1,1,1
10,1,2,0
10,1,3,0
10,1,4,0
10,1,5,0
10,1,6,0
10,2,1,0
10,2,2,0
10,2,3,0
10,2,4,0
10,2,5,0
10,2,6,1
10,3,1,0
10,3,2,0
10,3,3,0
10,3,4,0
10,3,5,0
10,3,6,1
10,4,1,0
10,4,2,0
10,4,3,0
10,4,4,0
10,4,5,0
10,4,6,1
10,5,1,0
10,5,2,0
10,5,3,0
10,5,4,0
10,5,5,0
10,5,6,1
10,6,1,0
10,6,2,0
10,6,3,0
10,6,4,0
10,6,5,1
10,6,6,0
10,7,1,0
10,7,2,0
10,7,3,0
10,7,4,0
10,7,5,1
10,7,6,0
10,8,1,0
10,8,2,0
10,8,3,0
10,8,4,0
10,8,5,1
10,8,6,0
10,9,1,0
10,9,2,0
10,9,3,0
10,9,4,0
10,9,5,0
10,9,6,1
10,10,1,0
10,10,2,0
10,10,3,0
10,10,4,0
10,10,5,0
10,10,6,1
10,11,1,0
10,11,2,1
10,11,3,0
10,11,4,0
10,11,5,0
10,11,6,0
10,12,1,0
10,12,2,1
10,12,3,0
10,12,4,0
10,12,5,0
10,12,6,0
10,13,1,0
10,13,2,1
10,13,3,0
10,13,4,0
10,13,5,0
10,13,6,0
10,14,1,0
10,14,2,1
10,14,3,0
10,14,4,0
10,14,5,0
10,14,6,0
10,15,1,0
10,15,2,0
10,15,3,0
10,15,4,0
10,15,5,0
10,15,6,1
10,16,1,0
10,16,2,0
10,16,3,0
10,16,4,1
10,16,5,0
10,16,6,0
10,17,1,0
10,17,2,0
10,17,3,0
10,17,4,1
10,17,5,0
10,17,6,0
10,18,1,0
10,18,2,0
10,18,3,0
10,18,4,0
10,18,5,0
10,18,6,1
10,19,1,0
10,19,2,0
10,19,3,0
10,19,4,0
10,19,5,0
10,19,6,1
10,20,1,0
10,20,2,0
10,20,3,0
10,20,4,0
10,20,5,0
10,20,6,1
10,21,1,0
10,21,2,1
10,21,3,0
10,21,4,0
10,21,5,0
10,21,6,0
10,22,1,0
10,22,2,0
10,22,3,0
10,22,4,1
10,22,5,0
10,22,6,0
10,23,1,0
10,23,2,0
10,23,3,0
10,23,4,1
10,23,5,0
10,23,6,0
10,24,1,0
10,24,2,0
10,24,3,0
10,24,4,0
10,24,5,1
10,24,6,0
10,25,1,0
10,25,2,0
10,25,3,0
10,25,4,0
10,25,5,1
10,25,6,0
10,26,1,0
10,26,2,0
10,26,3,0
10,26,4,0
10,26,5,0
10,26,6,1
10,27,1,0
10,27,2,0
10,27,3,0
10,27,4,0
10,27,5,0
10,27,6,1
10,28,1,0
10,28,2,0
10,28,3,0
10,28,4,1
10,28,5,0
10,28,6,0
10,29,1,0
10,29,2,0
10,29,3,0
10,29,4,1
10,29,5,0
10,29,6,0
10,30,1,0
10,30,2,0
10,30,3,1
10,30,4,0
10,30,5,0
10,30,6,0
10,31,1,0
10,31,2,0
10,31,3,1
10,31,4,0
10,31,5,0
10,31,6,0
10,32,1,0
10,32,2,0
10,32,3,0
10,32,4,0
10,32,5,0
10,32,6,1
10,33,1,0
10,33,2,0
10,33,3,0
10,33,4,0
10,33,5,0
10,33,6,1
10,34,1,1
10,34,2,0
10,34,3,0
10,34,4,0
10,34,5,0
10,34,6,0
10,35,1,1
10,35,2,0
10,35,3,0
10,35,4,0
10,35,5,0
10,35,6,0
10,36,1,0
10,36,2,0
10,36,3,0
10,36,4,0
10,36,5,0
10,36,6,1
10,37,1,0
10,37,2,0
10,37,3,0
10,37,4,0
10,37,5,0
10,37,6,1
10,38,1,0
10,38,2,0
10,38,3,0
10,38,4,0
10,38,5,0
10,38,6,1
10,39,1,0
10,39,2,1
10,39,3,0
10,39,4,0
10,39,5,0
10,39,6,0
10,40,1,0
10,40,2,1
10,40,3,0
10,40,4,0
10,40,5,0
10,40,6,0
10,41,1,0
10,41,2,0
10,41,3,0
10,41,4,0
10,41,5,0
10,41,6,1
10,42,1,1
10,42,2,0
10,42,3,0
10,42,4,0
10,42,5,0
10,42,6,0
10,43,1,1
10,43,2,0
10,43,3,0
10,43,4,0
10,43,5,0
10,43,6,0
10,44,1,0
10,44,2,0
10,44,3,0
10,44,4,0
10,44,5,0
10,44,6,1
10,45,1,0
10,45,2,0
10,45,3,0
10,45,4,0
10,45,5,1
10,45,6,0
10,46,1,0
10,46,2,0
10,46,3,0
10,46,4,0
10,46,5,1
10,46,6,0
10,47,1,0
10,47,2,0
10,47,3,0
10,47,4,0
10,47,5,0
10,47,6,1
10,48,1,0
10,48,2,0
10,48,3,0
10,48,4,0
10,48,5,0
10,48,6,1
10,49,1,1
10,49,2,0
10,49,3,0
10,49,4,0
10,49,5,0
10,49,6,0
10,50,1,0
10,50,2,0
10,50,3,0
10,50,4,1
10,50,5,0
10,50,6,0
10,51,1,1
10,51,2,0
10,51,3,0
10,51,4,0
10,51,5,0
10,51,6,0
10,52,1,1
10,52,2,0
10,52,3,0
10,52,4,0
10,52,5,0
10,52,6,0
10,53,1,0
10,53,2,0
10,53,3,0
10,53,4,0
10,53,5,0
10,53,6,1
10,54,1,0
10,54,2,0
10,54,3,0
10,54,4,0
10,54,5,0
10,54,6,1
10,55,1,0
10,55,2,0
10,55,3,0
10,55,4,0
10,55,5,1
10,55,6,0
10,56,1,1
10,56,2,0
10,56,3,0
10,56,4,0
10,56,5,0
10,56,6,0
10,57,1,0
10,57,2,0
10,57,3,0
10,57,4,0
10,57,5,0
10,57,6,1
10,58,1,0
10,58,2,0
10,58,3,0
10,58,4,0
10,58,5,0
10,58,6,1
10,59,1,0
10,59,2,0
10,59,3,0
10,59,4,0
10,59,5,0
10,59,6,1
10,60,1,0
10,60,2,0
10,60,3,0
10,60,4,0
10,60,5,0
10,60,6,1
10,61,1,0
10,61,2,0
10,61,3,0
10,61,4,0
10,61,5,0
10,61,6,1
10,62,1,0
10,62,2,0
10,62,3,0
10,62,4,0
10,62,5,0
10,62,6,1
10,63,1,1
10,63,2,0
10,63,3,0
10,63,4,0
10,63,5,0
10,63,6,0
10,64,1,0
10,64,2,0
10,64,3,1
10,64,4,0
10,64,5,0
10,64,6,0
10,65,1,0
10,65,2,0
10,65,3,1
10,65,4,0
10,65,5,0
10,65,6,0
10,66,1,0
10,66,2,0
10,66,3,1
10,66,4,0
10,66,5,0
10,66,6,0
10,67,1,0
10,67,2,0
10,67,3,0
10,67,4,0
10,67,5,0
10,67,6,1
10,68,1,0
10,68,2,0
10,68,3,0
10,68,4,0
10,68,5,0
10,68,6,1
10,69,1,1
10,69,2,0
10,69,3,0
10,69,4,0
10,69,5,0
10,69,6,0
10,70,1,1
10,70,2,0
10,70,3,0
10,70,4,0
10,70,5,0
10,70,6,0
10,71,1,0
10,71,2,1
10,71,3,0
10,71,4,0
10,71,5,0
10,71,6,0
10,72,1,0
10,72,2,1
10,72,3,0
10,72,4,0
10,72,5,0
10,72,6,0
10,73,1,0
10,73,2,1
10,73,3,0
10,73,4,0
10,73,5,0
10,73,6,0
10,74,1,0
10,74,2,0
10,74,3,0
10,74,4,0
10,74,5,0
10,74,6,1
10,75,1,0
10,75,2,0
10,75,3,0
10,75,4,0
10,75,5,0
10,75,6,1
10,76,1,1
10,76,2,0
10,76,3,0
10,76,4,0
10,76,5,0
10,76,6,0
10,77,1,1
10,77,2,0
10,77,3,0
10,77,4,0
10,77,5,0
10,77,6,0
10,78,1,0
10,78,2,0
10,78,3,0
10,78,4,0
10,78,5,0
10,78,6,1
10,79,1,0
10,79,2,0
10,79,3,0
10,79,4,0
10,79,5,0
10,79,6,1
10,80,1,0
10,80,2,0
10,80,3,0
10,80,4,0
10,80,5,0
10,80,6,1
10,81,1,0
10,81,2,0
10,81,3,0
10,81,4,0
10,81,5,0
10,81,6,1
10,82,1,0
10,82,2,0
10,82,3,0
10,82,4,0
10,82,5,0
10,82,6,1
10,83,1,0
10,83,2,0
10,83,3,0
10,83,4,0
10,83,5,0
10,83,6,1
10,84,1,1
10,84,2,0
10,84,3,0
10,84,4,0
10,84,5,0
10,84,6,0
11,1,1,0
11,1,2,0
11,1,3,0
11,1,4,0
11,1,5,0
11,1,6,1
11,2,1,0
11,2,2,0
11,2,3,0
11,2,4,0
11,2,5,0
11,2,6,1
11,3,1,0
11,3,2,0
11,3,3,0
11,3,4,0
11,3,5,0
11,3,6,1
11,4,1,0
11,4,2,0
11,4,3,0
11,4,4,0
11,4,5,0
11,4,6,1
11,5,1,0
11,5,2,0
11,5,3,0
11,5,4,0
11,5,5,0
11,5,6,1
11,6,1,1
11,6,2,0
11,6,3,0
11,6,4,0
11,6,5,0
11,6,6,0
11,7,1,0
11,7,2,0
11,7,3,0
11,7,4,0
11,7,5,1
11,7,6,0
11,8,1,0
11,8,2,0
11,8,3,0
11,8,4,0
11,8,5,0
11,8,6,1
11,9,1,0
11,9,2,0
11,9,3,0
11,9,4,0
11,9,5,0
11,9,6,1
11,10,1,0
11,10,2,0
11,10,3,0
11,10,4,0
11,10,5,0
11,10,6,1
11,11,1,0
11,11,2,0
11,11,3,0
11,11,4,0
11,11,5,1
11,11,6,0
11,12,1,0
11,12,2,0
11,12,3,0
11,12,4,0
11,12,5,1
11,12,6,0
11,13,1,0
11,13,2,0
11,13,3,0
11,13,4,0
11,13,5,1
11,13,6,0
11,14,1,1
11,14,2,0
11,14,3,0
11,14,4,0
11,14,5,0
11,14,6,0
11,15,1,0
11,15,2,0
11,15,3,0
11,15,4,0
11,15,5,0
11,15,6,1
11,16,1,0
11,16,2,0
11,16,3,0
11,16,4,0
11,16,5,0
11,16,6,1
11,17,1,0
11,17,2,0
11,17,3,0
11,17,4,0
11,17,5,0
11,17,6,1
11,18,1,0
11,18,2,0
11,18,3,0
11,18,4,0
11,18,5,1
11,18,6,0
11,19,1,0
11,19,2,0
11,19,3,0
11,19,4,0
11,19,5,1
11,19,6,0
11,20,1,0
11,20,2,0
11,20,3,0
11,20,4,0
11,20,5,1
11,20,6,0
11,21,1,1
11,21,2,0
11,21,3,0
11,21,4,0
11,21,5,0
11,21,6,0
11,22,1,0
11,22,2,0
11,22,3,0
11,22,4,0
11,22,5,0
11,22,6,1
11,23,1,0
11,23,2,0
11,23,3,0
11,23,4,0
11,23,5,0
11,23,6,1
11,24,1,0
11,24,2,0
11,24,3,1
11,24,4,0
11,24,5,0
11,24,6,0
11,25,1,0
11,25,2,0
11,25,3,1
11,25,4,0
11,25,5,0
11,25,6,0
11,26,1,0
11,26,2,0
11,26,3,1
11,26,4,0
11,26,5,0
11,26,6,0
11,27,1,0
11,27,2,0
11,27,3,0
11,27,4,0
11,27,5,0
11,27,6,1
11,28,1,1
11,28,2,0
11,28,3,0
11,28,4,0
11,28,5,0
11,28,6,0
11,29,1,0
11,29,2,1
11,29,3,0
11,29,4,0
11,29,5,0
11,29,6,0
11,30,1,1
11,30,2,0
11,30,3,0
11,30,4,0
11,30,5,0
11,30,6,0
11,31,1,0
11,31,2,0
11,31,3,0
11,31,4,0
11,31,5,0
11,31,6,1
11,32,1,0
11,32,2,0
11,32,3,0
11,32,4,0
11,32,5,0
11,32,6,1
11,33,1,0
11,33,2,1
11,33,3,0
11,33,4,0
11,33,5,0
11,33,6,0
11,34,1,0
11,34,2,1
11,34,3,0
11,34,4,0
11,34,5,0
11,34,6,0
11,35,1,0
11,35,2,1
11,35,3,0
11,35,4,0
11,35,5,0
11,35,6,0
11,36,1,1
11,36,2,0
11,36,3,0
11,36,4,0
11,36,5,0
11,36,6,0
11,37,1,0
11,37,2,0
11,37,3,0
11,37,4,0
11,37,5,0
11,37,6,1
11,38,1,0
11,38,2,0
11,38,3,0
11,38,4,0
11,38,5,0
11,38,6,1
11,39,1,0
11,39,2,0
11,39,3,0
11,39,4,0
11,39,5,0
11,39,6,1
11,40,1,0
11,40,2,0
11,40,3,0
11,40,4,0
11,40,5,1
11,40,6,0
11,41,1,0
11,41,2,0
11,41,3,0
11,41,4,0
11,41,5,1
11,41,6,0
11,42,1,1
11,42,2,0
11,42,3,0
11,42,4,0
11,42,5,0
11,42,6,0
11,43,1,0
11,43,2,0
11,43,3,0
11,43,4,0
11,43,5,0
11,43,6,1
11,44,1,0
11,44,2,0
11,44,3,0
11,44,4,0
11,44,5,0
11,44,6,1
11,45,1,0
11,45,2,0
11,45,3,0
11,45,4,0
11,45,5,0
11,45,6,1
11,46,1,1
11,46,2,0
11,46,3,0
11,46,4,0
11,46,5,0
11,46,6,0
11,47,1,0
11,47,2,0
11,47,3,0
11,47,4,1
11,47,5,0
11,47,6,0
11,48,1,0
11,48,2,0
11,48,3,0
11,48,4,1
11,48,5,0
11,48,6,0
11,49,1,0
11,49,2,0
11,49,3,0
11,49,4,1
11,49,5,0
11,49,6,0
11,50,1,0
11,50,2,0
11,50,3,0
11,50,4,0
11,50,5,0
11,50,6,1
11,51,1,0
11,51,2,0
11,51,3,0
11,51,4,0
11,51,5,0
11,51,6,1
11,52,1,0
11,52,2,0
11,52,3,0
11,52,4,0
11,52,5,0
11,52,6,1
11,53,1,0
11,53,2,0
11,53,3,0
11,53,4,0
11,53,5,0
11,53,6,1
11,54,1,0
11,54,2,0
11,54,3,0
11,54,4,0
11,54,5,0
11,54,6,1
11,55,1,0
11,55,2,0
11,55,3,0
11,55,4,0
11,55,5,0
11,55,6,1
11,56,1,1
11,56,2,0
11,56,3,0
11,56,4,0
11,56,5,0
11,56,6,0
11,57,1,0
11,57,2,1
11,57,3,0
11,57,4,0
11,57,5,0
11,57,6,0
11,58,1,0
11,58,2,1
11,58,3,0
11,58,4,0
11,58,5,0
11,58,6,0
11,59,1,0
11,59,2,1
11,59,3,0
11,59,4,0
11,59,5,0
11,59,6,0
11,60,1,0
11,60,2,1
11,60,3,0
11,60,4,0
11,60,5,0
11,60,6,0
11,61,1,0
11,61,2,0
11,61,3,0
11,61,4,0
11,61,5,0
11,61,6,1
11,62,1,0
11,62,2,1
11,62,3,0
11,62,4,0
11,62,5,0
11,62,6,0
11,63,1,0
11,63,2,1
11,63,3,0
11,63,4,0
11,63,5,0
11,63,6,0
11,64,1,0
11,64,2,0
11,64,3,0
11,64,4,0
11,64,5,0
11,64,6,1
11,65,1,0
11,65,2,0
11,65,3,0
11,65,4,0
11,65,5,0
11,65,6,1
11,66,1,0
11,66,2,0
11,66,3,0
11,66,4,0
11,66,5,0
11,66,6,1
11,67,1,0
11,67,2,0
11,67,3,0
11,67,4,0
11,67,5,1
11,67,6,0
11,68,1,0
11,68,2,0
11,68,3,0
11,68,4,0
11,68,5,1
11,68,6,0
11,69,1,0
11,69,2,0
11,69,3,0
11,69,4,0
11,69,5,1
11,69,6,0
11,70,1,1
11,70,2,0
11,70,3,0
11,70,4,0
11,70,5,0
11,70,6,0
11,71,1,1
11,71,2,0
11,71,3,0
11,71,4,0
11,71,5,0
11,71,6,0
11,72,1,0
11,72,2,0
11,72,3,0
11,72,4,0
11,72,5,0
11,72,6,1
11,73,1,0
11,73,2,0
11,73,3,0
11,73,4,0
11,73,5,0
11,73,6,1
11,74,1,0
11,74,2,0
11,74,3,0
11,74,4,0
11,74,5,0
11,74,6,1
11,75,1,0
11,75,2,0
11,75,3,0
11,75,4,0
11,75,5,0
11,75,6,1
11,76,1,0
11,76,2,0
11,76,3,0
11,76,4,0
11,76,5,0
11,76,6,1
11,77,1,1
11,77,2,0
11,77,3,0
11,77,4,0
11,77,5,0
11,77,6,0
11,78,1,1
11,78,2,0
11,78,3,0
11,78,4,0
11,78,5,0
11,78,6,0
11,79,1,0
11,79,2,1
11,79,3,0
11,79,4,0
11,79,5,0
11,79,6,0
11,80,1,0
11,80,2,0
11,80,3,0
11,80,4,0
11,80,5,1
11,80,6,0
11,81,1,0
11,81,2,0
11,81,3,0
11,81,4,0
11,81,5,1
11,81,6,0
11,82,1,0
11,82,2,0
11,82,3,0
11,82,4,0
11,82,5,0
11,82,6,1
11,83,1,0
11,83,2,0
11,83,3,0
11,83,4,0
11,83,5,0
11,83,6,1
11,84,1,1
11,84,2,0
11,84,3,0
11,84,4,0
11,84,5,0
11,84,6,0
12,1,1,0
12,1,2,0
12,1,3,0
12,1,4,0
12,1,5,0
12,1,6,1
12,2,1,0
12,2,2,0
12,2,3,0
12,2,4,0
12,2,5,0
12,2,6,1
12,3,1,0
12,3,2,0
12,3,3,0
12,3,4,0
12,3,5,0
12,3,6,1
12,4,1,0
12,4,2,0
12,4,3,0
12,4,4,0
12,4,5,0
12,4,6,1
12,5,1,0
12,5,2,0
12,5,3,0
12,5,4,0
12,5,5,0
12,5,6,1
12,6,1,0
12,6,2,0
12,6,3,0
12,6,4,0
12,6,5,0
12,6,6,1
12,7,1,1
12,7,2,0
12,7,3,0
12,7,4,0
12,7,5,0
12,7,6,0
12,8,1,0
12,8,2,0
12,8,3,0
12,8,4,0
12,8,5,0
12,8,6,1
12,9,1,0
12,9,2,0
12,9,3,0
12,9,4,0
12,9,5,1
12,9,6,0
12,10,1,0
12,10,2,0
12,10,3,0
12,10,4,0
12,10,5,1
12,10,6,0
12,11,1,0
12,11,2,0
12,11,3,0
12,11,4,0
12,11,5,0
12,11,6,1
12,12,1,0
12,12,2,0
12,12,3,0
12,12,4,0
12,12,5,0
12,12,6,1
12,13,1,1
12,13,2,0
12,13,3,0
12,13,4,0
12,13,5,0
12,13,6,0
12,14,1,0
12,14,2,0
12,14,3,0
12,14,4,0
12,14,5,1
12,14,6,0
12,15,1,1
12,15,2,0
12,15,3,0
12,15,4,0
12,15,5,0
12,15,6,0
12,16,1,0
12,16,2,0
12,16,3,0
12,16,4,0
12,16,5,0
12,16,6,1
12,17,1,0
12,17,2,0
12,17,3,1
12,17,4,0
12,17,5,0
12,17,6,0
12,18,1,0
12,18,2,0
12,18,3,1
12,18,4,0
12,18,5,0
12,18,6,0
12,19,1,1
12,19,2,0
12,19,3,0
12,19,4,0
12,19,5,0
12,19,6,0
12,20,1,0
12,20,2,0
12,20,3,0
12,20,4,0
12,20,5,0
12,20,6,1
12,21,1,0
12,21,2,0
12,21,3,0
12,21,4,0
12,21,5,1
12,21,6,0
12,22,1,1
12,22,2,0
12,22,3,0
12,22,4,0
12,22,5,0
12,22,6,0
12,23,1,0
12,23,2,0
12,23,3,0
12,23,4,0
12,23,5,0
12,23,6,1
12,24,1,0
12,24,2,0
12,24,3,0
12,24,4,0
12,24,5,0
12,24,6,1
12,25,1,0
12,25,2,0
12,25,3,0
12,25,4,0
12,25,5,0
12,25,6,1
12,26,1,0
12,26,2,0
12,26,3,0
12,26,4,0
12,26,5,0
12,26,6,1
12,27,1,0
12,27,2,0
12,27,3,0
12,27,4,0
12,27,5,0
12,27,6,1
12,28,1,1
12,28,2,0
12,28,3,0
12,28,4,0
12,28,5,0
12,28,6,0
12,29,1,0
12,29,2,1
12,29,3,0
12,29,4,0
12,29,5,0
12,29,6,0
12,30,1,0
12,30,2,1
12,30,3,0
12,30,4,0
12,30,5,0
12,30,6,0
12,31,1,0
12,31,2,1
12,31,3,0
12,31,4,0
12,31,5,0
12,31,6,0
12,32,1,0
12,32,2,1
12,32,3,0
12,32,4,0
12,32,5,0
12,32,6,0
12,33,1,0
12,33,2,0
12,33,3,0
12,33,4,0
12,33,5,0
12,33,6,1
12,34,1,0
12,34,2,1
12,34,3,0
12,34,4,0
12,34,5,0
12,34,6,0
12,35,1,0
12,35,2,1
12,35,3,0
12,35,4,0
12,35,5,0
12,35,6,0
12,36,1,0
12,36,2,1
12,36,3,0
12,36,4,0
12,36,5,0
12,36,6,0
12,37,1,0
12,37,2,1
12,37,3,0
12,37,4,0
12,37,5,0
12,37,6,0
12,38,1,0
12,38,2,0
12,38,3,0
12,38,4,0
12,38,5,0
12,38,6,1
12,39,1,0
12,39,2,0
12,39,3,0
12,39,4,0
12,39,5,0
12,39,6,1
12,40,1,0
12,40,2,0
12,40,3,0
12,40,4,0
12,40,5,0
12,40,6,1
12,41,1,1
12,41,2,0
12,41,3,0
12,41,4,0
12,41,5,0
12,41,6,0
12,42,1,1
12,42,2,0
12,42,3,0
12,42,4,0
12,42,5,0
12,42,6,0
12,43,1,0
12,43,2,0
12,43,3,1
12,43,4,0
12,43,5,0
12,43,6,0
12,44,1,0
12,44,2,0
12,44,3,1
12,44,4,0
12,44,5,0
12,44,6,0
12,45,1,0
12,45,2,0
12,45,3,0
12,45,4,0
12,45,5,0
12,45,6,1
12,46,1,0
12,46,2,1
12,46,3,0
12,46,4,0
12,46,5,0
12,46,6,0
12,47,1,0
12,47,2,1
12,47,3,0
12,47,4,0
12,47,5,0
12,47,6,0
12,48,1,0
12,48,2,0
12,48,3,0
12,48,4,0
12,48,5,0
12,48,6,1
12,49,1,1
12,49,2,0
12,49,3,0
12,49,4,0
12,49,5,0
12,49,6,0
12,50,1,0
12,50,2,1
12,50,3,0
12,50,4,0
12,50,5,0
12,50,6,0
12,51,1,0
12,51,2,1
12,51,3,0
12,51,4,0
12,51,5,0
12,51,6,0
12,52,1,0
12,52,2,0
12,52,3,0
12,52,4,0
12,52,5,0
12,52,6,1
12,53,1,0
12,53,2,0
12,53,3,0
12,53,4,0
12,53,5,0
12,53,6,1
12,54,1,0
12,54,2,0
12,54,3,0
12,54,4,1
12,54,5,0
12,54,6,0
12,55,1,0
12,55,2,0
12,55,3,0
12,55,4,1
12,55,5,0
12,55,6,0
12,56,1,0
12,56,2,0
12,56,3,0
12,56,4,1
12,56,5,0
12,56,6,0
12,57,1,1
12,57,2,0
12,57,3,0
12,57,4,0
12,57,5,0
12,57,6,0
12,58,1,0
12,58,2,0
12,58,3,0
12,58,4,0
12,58,5,0
12,58,6,1
12,59,1,0
12,59,2,0
12,59,3,0
12,59,4,0
12,59,5,0
12,59,6,1
12,60,1,0
12,60,2,0
12,60,3,0
12,60,4,0
12,60,5,0
12,60,6,1
12,61,1,0
12,61,2,1
12,61,3,0
12,61,4,0
12,61,5,0
12,61,6,0
12,62,1,0
12,62,2,0
12,62,3,0
12,62,4,0
12,62,5,0
12,62,6,1
12,63,1,0
12,63,2,0
12,63,3,0
12,63,4,0
12,63,5,1
12,63,6,0
12,64,1,1
12,64,2,0
12,64,3,0
12,64,4,0
12,64,5,0
12,64,6,0
12,65,1,0
12,65,2,0
12,65,3,0
12,65,4,0
12,65,5,0
12,65,6,1
12,66,1,0
12,66,2,0
12,66,3,0
12,66,4,0
12,66,5,0
12,66,6,1
12,67,1,0
12,67,2,0
12,67,3,0
12,67,4,0
12,67,5,0
12,67,6,1
12,68,1,0
12,68,2,0
12,68,3,0
12,68,4,0
12,68,5,0
12,68,6,1
12,69,1,0
12,69,2,0
12,69,3,0
12,69,4,0
12,69,5,0
12,69,6,1
12,70,1,0
12,70,2,0
12,70,3,0
12,70,4,0
12,70,5,1
12,70,6,0
12,71,1,0
12,71,2,0
12,71,3,0
12,71,4,0
12,71,5,1
12,71,6,0
12,72,1,0
12,72,2,0
12,72,3,0
12,72,4,0
12,72,5,1
12,72,6,0
12,73,1,1
12,73,2,0
12,73,3,0
12,73,4,0
12,73,5,0
12,73,6,0
12,74,1,0
12,74,2,1
12,74,3,0
12,74,4,0
12,74,5,0
12,74,6,0
12,75,1,0
12,75,2,0
12,75,3,0
12,75,4,0
12,75,5,0
12,75,6,1
12,76,1,0
12,76,2,0
12,76,3,0
12,76,4,0
12,76,5,0
12,76,6,1
12,77,1,0
12,77,2,0
12,77,3,0
12,77,4,0
12,77,5,0
12,77,6,1
12,78,1,0
12,78,2,0
12,78,3,1
12,78,4,0
12,78,5,0
12,78,6,0
12,79,1,0
12,79,2,0
12,79,3,0
12,79,4,0
12,79,5,1
12,79,6,0
12,80,1,0
12,80,2,0
12,80,3,0
12,80,4,0
12,80,5,1
12,80,6,0
12,81,1,0
12,81,2,0
12,81,3,0
12,81,4,0
12,81,5,0
12,81,6,1
12,82,1,0
12,82,2,0
12,82,3,0
12,82,4,1
12,82,5,0
12,82,6,0
12,83,1,0
12,83,2,0
12,83,3,0
12,83,4,0
12,83,5,0
12,83,6,1
12,84,1,0
12,84,2,0
12,84,3,0
12,84,4,0
12,84,5,0
12,84,6,1
13,1,1,0
13,1,2,1
13,1,3,0
13,1,4,0
13,1,5,0
13,1,6,0
13,2,1,0
13,2,2,0
13,2,3,0
13,2,4,0
13,2,5,0
13,2,6,1
13,3,1,0
13,3,2,0
13,3,3,0
13,3,4,0
13,3,5,0
13,3,6,1
13,4,1,0
13,4,2,0
13,4,3,0
13,4,4,0
13,4,5,0
13,4,6,1
13,5,1,0
13,5,2,0
13,5,3,0
13,5,4,0
13,5,5,1
13,5,6,0
13,6,1,0
13,6,2,0
13,6,3,0
13,6,4,0
13,6,5,1
13,6,6,0
13,7,1,1
13,7,2,0
13,7,3,0
13,7,4,0
13,7,5,0
13,7,6,0
13,8,1,0
13,8,2,0
13,8,3,0
13,8,4,0
13,8,5,0
13,8,6,1
13,9,1,0
13,9,2,0
13,9,3,0
13,9,4,0
13,9,5,0
13,9,6,1
13,10,1,0
13,10,2,0
13,10,3,0
13,10,4,0
13,10,5,0
13,10,6,1
13,11,1,0
13,11,2,0
13,11,3,0
13,11,4,0
13,11,5,0
13,11,6,1
13,12,1,0
13,12,2,0
13,12,3,0
13,12,4,0
13,12,5,0
13,12,6,1
13,13,1,1
13,13,2,0
13,13,3,0
13,13,4,0
13,13,5,0
13,13,6,0
13,14,1,1
13,14,2,0
13,14,3,0
13,14,4,0
13,14,5,0
13,14,6,0
13,15,1,0
13,15,2,0
13,15,3,0
13,15,4,0
13,15,5,0
13,15,6,1
13,16,1,0
13,16,2,0
13,16,3,0
13,16,4,0
13,16,5,0
13,16,6,1
13,17,1,0
13,17,2,0
13,17,3,0
13,17,4,0
13,17,5,0
13,17,6,1
13,18,1,0
13,18,2,0
13,18,3,0
13,18,4,0
13,18,5,0
13,18,6,1
13,19,1,0
13,19,2,0
13,19,3,0
13,19,4,0
13,19,5,0
13,19,6,1
13,20,1,0
13,20,2,1
13,20,3,0
13,20,4,0
13,20,5,0
13,20,6,0
13,21,1,0
13,21,2,1
13,21,3,0
13,21,4,0
13,21,5,0
13,21,6,0
13,22,1,0
13,22,2,1
13,22,3,0
13,22,4,0
13,22,5,0
13,22,6,0
13,23,1,0
13,23,2,0
13,23,3,0
13,23,4,0
13,23,5,0
13,23,6,1
13,24,1,0
13,24,2,0
13,24,3,0
13,24,4,0
13,24,5,0
13,24,6,1
13,25,1,0
13,25,2,0
13,25,3,0
13,25,4,0
13,25,5,0
13,25,6,1
13,26,1,0
13,26,2,0
13,26,3,0
13,26,4,0
13,26,5,1
13,26,6,0
13,27,1,0
13,27,2,0
13,27,3,0
13,27,4,0
13,27,5,1
13,27,6,0
13,28,1,1
13,28,2,0
13,28,3,0
13,28,4,0
13,28,5,0
13,28,6,0
13,29,1,0
13,29,2,0
13,29,3,0
13,29,4,0
13,29,5,0
13,29,6,1
13,30,1,0
13,30,2,0
13,30,3,0
13,30,4,0
13,30,5,0
13,30,6,1
13,31,1,0
13,31,2,0
13,31,3,0
13,31,4,0
13,31,5,0
13,31,6,1
13,32,1,0
13,32,2,0
13,32,3,0
13,32,4,0
13,32,5,0
13,32,6,1
13,33,1,0
13,33,2,0
13,33,3,0
13,33,4,1
13,33,5,0
13,33,6,0
13,34,1,0
13,34,2,0
13,34,3,0
13,34,4,1
13,34,5,0
13,34,6,0
13,35,1,1
13,35,2,0
13,35,3,0
13,35,4,0
13,35,5,0
13,35,6,0
13,36,1,0
13,36,2,0
13,36,3,0
13,36,4,0
13,36,5,0
13,36,6,1
13,37,1,0
13,37,2,0
13,37,3,0
13,37,4,0
13,37,5,0
13,37,6,1
13,38,1,0
13,38,2,0
13,38,3,0
13,38,4,0
13,38,5,0
13,38,6,1
13,39,1,0
13,39,2,0
13,39,3,0
13,39,4,0
13,39,5,0
13,39,6,1
13,40,1,0
13,40,2,0
13,40,3,0
13,40,4,0
13,40,5,0
13,40,6,1
13,41,1,0
13,41,2,0
13,41,3,0
13,41,4,0
13,41,5,1
13,41,6,0
13,42,1,0
13,42,2,0
13,42,3,0
13,42,4,0
13,42,5,1
13,42,6,0
13,43,1,1
13,43,2,0
13,43,3,0
13,43,4,0
13,43,5,0
13,43,6,0
13,44,1,0
13,44,2,0
13,44,3,0
13,44,4,0
13,44,5,0
13,44,6,1
13,45,1,0
13,45,2,0
13,45,3,0
13,45,4,0
13,45,5,0
13,45,6,1
13,46,1,0
13,46,2,0
13,46,3,0
13,46,4,0
13,46,5,0
13,46,6,1
13,47,1,0
13,47,2,0
13,47,3,0
13,47,4,0
13,47,5,0
13,47,6,1
13,48,1,0
13,48,2,0
13,48,3,0
13,48,4,0
13,48,5,0
13,48,6,1
13,49,1,1
13,49,2,0
13,49,3,0
13,49,4,0
13,49,5,0
13,49,6,0
13,50,1,0
13,50,2,0
13,50,3,1
13,50,4,0
13,50,5,0
13,50,6,0
13,51,1,0
13,51,2,0
13,51,3,1
13,51,4,0
13,51,5,0
13,51,6,0
13,52,1,0
13,52,2,0
13,52,3,1
13,52,4,0
13,52,5,0
13,52,6,0
13,53,1,0
13,53,2,0
13,53,3,0
13,53,4,0
13,53,5,0
13,53,6,1
13,54,1,0
13,54,2,1
13,54,3,0
13,54,4,0
13,54,5,0
13,54,6,0
13,55,1,0
13,55,2,1
13,55,3,0
13,55,4,0
13,55,5,0
13,55,6,0
13,56,1,1
13,56,2,0
13,56,3,0
13,56,4,0
13,56,5,0
13,56,6,0
13,57,1,0
13,57,2,0
13,57,3,0
13,57,4,0
13,57,5,0
13,57,6,1
13,58,1,0
13,58,2,0
13,58,3,0
13,58,4,0
13,58,5,0
13,58,6,1
13,59,1,0
13,59,2,0
13,59,3,0
13,59,4,0
13,59,5,0
13,59,6,1
13,60,1,0
13,60,2,0
13,60,3,0
13,60,4,0
13,60,5,1
13,60,6,0
13,61,1,0
13,61,2,0
13,61,3,0
13,61,4,0
13,61,5,1
13,61,6,0
13,62,1,0
13,62,2,0
13,62,3,0
13,62,4,0
13,62,5,1
13,62,6,0
13,63,1,1
13,63,2,0
13,63,3,0
13,63,4,0
13,63,5,0
13,63,6,0
13,64,1,0
13,64,2,0
13,64,3,0
13,64,4,0
13,64,5,0
13,64,6,1
13,65,1,0
13,65,2,0
13,65,3,0
13,65,4,0
13,65,5,0
13,65,6,1
13,66,1,0
13,66,2,0
13,66,3,0
13,66,4,0
13,66,5,0
13,66,6,1
13,67,1,0
13,67,2,0
13,67,3,0
13,67,4,0
13,67,5,0
13,67,6,1
13,68,1,0
13,68,2,0
13,68,3,0
13,68,4,0
13,68,5,0
13,68,6,1
13,69,1,0
13,69,2,0
13,69,3,0
13,69,4,0
13,69,5,0
13,69,6,1
13,70,1,1
13,70,2,0
13,70,3,0
13,70,4,0
13,70,5,0
13,70,6,0
13,71,1,1
13,71,2,0
13,71,3,0
13,71,4,0
13,71,5,0
13,71,6,0
13,72,1,0
13,72,2,0
13,72,3,0
13,72,4,0
13,72,5,0
13,72,6,1
13,73,1,0
13,73,2,0
13,73,3,0
13,73,4,0
13,73,5,0
13,73,6,1
13,74,1,0
13,74,2,0
13,74,3,0
13,74,4,0
13,74,5,0
13,74,6,1
13,75,1,0
13,75,2,0
13,75,3,0
13,75,4,0
13,75,5,1
13,75,6,0
13,76,1,0
13,76,2,0
13,76,3,0
13,76,4,0
13,76,5,1
13,76,6,0
13,77,1,0
13,77,2,0
13,77,3,0
13,77,4,0
13,77,5,1
13,77,6,0
13,78,1,0
13,78,2,0
13,78,3,0
13,78,4,0
13,78,5,1
13,78,6,0
13,79,1,0
13,79,2,0
13,79,3,0
13,79,4,0
13,79,5,0
13,79,6,1
13,80,1,0
13,80,2,0
13,80,3,0
13,80,4,0
13,80,5,0
13,80,6,1
13,81,1,0
13,81,2,0
13,81,3,0
13,81,4,0
13,81,5,0
13,81,6,1
13,82,1,0
13,82,2,0
13,82,3,0
13,82,4,0
13,82,5,0
13,82,6,1
13,83,1,0
13,83,2,0
13,83,3,0
13,83,4,0
13,83,5,0
13,83,6,1
13,84,1,1
13,84,2,0
13,84,3,0
13,84,4,0
13,84,5,0
13,84,6,0
